9.994095999999998980e+01,1.768129199999999912e+02,2.641082599999999729e+02,7.000000000000000000e+00,9.100000000000000000e+01
2.942461999999999733e+01,4.619579999999999842e+01,5.002420000000000044e+01,1.300000000000000000e+01,6.580000000000000000e+02
3.483062000000000324e+01,4.665411999999999892e+01,8.071939999999999316e+01,1.300000000000000000e+01,5.960000000000000000e+02
3.189132000000000389e+01,5.924398000000000053e+01,6.696130000000000848e+01,1.300000000000000000e+01,4.540000000000000000e+02
1.134222999999999928e+02,9.807980000000000587e+01,2.674388999999999896e+02,2.000000000000000000e+00,1.860000000000000000e+02
9.894509999999999650e+01,1.685492199999999912e+02,2.759229200000000333e+02,7.000000000000000000e+00,2.130000000000000000e+02
1.024457400000000007e+02,1.152494599999999991e+02,3.161846999999999639e+02,3.000000000000000000e+00,1.320000000000000000e+02
1.407038999999999760e+02,1.009769399999999990e+02,2.968876599999999826e+02,0.000000000000000000e+00,7.000000000000000000e+00
1.669070199999999886e+02,6.373707999999999174e+01,2.827762999999999920e+02,5.000000000000000000e+00,1.430000000000000000e+02
1.549665600000000154e+02,1.473797999999999888e+02,2.704210399999999481e+02,1.000000000000000000e+00,3.880000000000000000e+02
5.609081999999999368e+01,4.201005999999999574e+01,7.952056000000000324e+01,1.200000000000000000e+01,3.230000000000000000e+02
3.535013999999999612e+01,6.365548000000000428e+01,7.241591999999999985e+01,1.300000000000000000e+01,4.770000000000000000e+02
2.952797999999999590e+01,1.401340599999999768e+02,3.013372400000000084e+02,9.000000000000000000e+00,3.150000000000000000e+02
5.132945999999999742e+01,6.821045999999999765e+01,6.826825999999999794e+01,1.300000000000000000e+01,2.000000000000000000e+00
5.489571999999999008e+01,6.505933999999999173e+01,5.449383999999999872e+01,1.300000000000000000e+01,2.900000000000000000e+01
1.761094599999999843e+02,1.530129199999999798e+02,2.096477399999999989e+02,6.000000000000000000e+00,6.190000000000000000e+02
5.635771999999998627e+01,4.270909999999999940e+01,8.665375999999999124e+01,1.200000000000000000e+01,3.620000000000000000e+02
1.316643199999999752e+02,1.289147399999999948e+02,2.915969200000000114e+02,1.000000000000000000e+00,4.300000000000000000e+01
8.462157999999999447e+01,9.118187999999999249e+01,2.324206000000000358e+02,8.000000000000000000e+00,5.800000000000000000e+01
1.017701599999999900e+02,1.726972199999999873e+02,2.697308400000000006e+02,7.000000000000000000e+00,3.200000000000000000e+01
1.072213799999999964e+02,1.578205199999999877e+02,2.842903200000000083e+02,3.000000000000000000e+00,2.980000000000000000e+02
3.117256000000000071e+01,3.831391999999999598e+01,1.848580000000000112e+01,1.400000000000000000e+01,1.620000000000000000e+02
5.954759999999999565e+01,5.929260000000000019e+01,5.502390000000000470e+01,1.300000000000000000e+01,5.700000000000000000e+01
5.014625999999999806e+01,3.456066000000000571e+01,9.621320000000000761e+00,1.400000000000000000e+01,7.000000000000000000e+01
8.622399999999998954e+01,1.885541400000000181e+02,2.058533399999999745e+02,7.000000000000000000e+00,6.770000000000000000e+02
6.771371999999999503e+01,7.535215999999999781e+01,1.420312600000000032e+02,1.100000000000000000e+01,5.690000000000000000e+02
1.021060800000000057e+02,9.671707999999999572e+01,2.312156400000000360e+02,8.000000000000000000e+00,2.620000000000000000e+02
1.354937400000000025e+02,9.192206000000000188e+01,3.075157199999999875e+02,0.000000000000000000e+00,2.530000000000000000e+02
6.660226000000000113e+01,1.244382999999999981e+02,3.198873000000000388e+02,9.000000000000000000e+00,1.200000000000000000e+01
3.227076000000000278e+01,5.104487999999999914e+01,7.655678000000000338e+01,1.300000000000000000e+01,5.780000000000000000e+02
1.045299400000000105e+02,8.440567999999998960e+01,3.282268199999999752e+02,0.000000000000000000e+00,5.800000000000000000e+02
8.460865999999998621e+01,7.222688000000000841e+01,2.094369399999999644e+02,8.000000000000000000e+00,4.520000000000000000e+02
1.079486399999999975e+02,1.630293199999999842e+02,2.791345599999999649e+02,7.000000000000000000e+00,0.000000000000000000e+00
1.201838799999999878e+02,5.278772000000000020e+01,3.166243199999999547e+02,4.000000000000000000e+00,1.220000000000000000e+02
9.988213999999999260e+01,7.317479999999999052e+01,3.303484199999999760e+02,4.000000000000000000e+00,5.020000000000000000e+02
3.669789999999999708e+01,3.479525999999999897e+01,1.902231999999999701e+01,1.400000000000000000e+01,1.230000000000000000e+02
1.835850399999999922e+02,4.269142000000000081e+01,2.395395200000000386e+02,5.000000000000000000e+00,5.340000000000000000e+02
1.764504799999999989e+02,6.545204000000001088e+01,2.703951999999999884e+02,5.000000000000000000e+00,1.920000000000000000e+02
2.560981999999999914e+01,4.982019999999999271e+01,1.487636000000000003e+01,1.400000000000000000e+01,2.220000000000000000e+02
6.891289999999999338e+01,5.570083999999999946e+01,1.310237600000000100e+02,1.100000000000000000e+01,3.960000000000000000e+02
6.246106000000000336e+01,1.196531399999999792e+02,3.216658400000000029e+02,9.000000000000000000e+00,2.800000000000000000e+01
7.044935999999999865e+01,1.179259399999999971e+02,3.227126999999999839e+02,3.000000000000000000e+00,6.390000000000000000e+02
1.636732799999999770e+02,1.234896999999999991e+02,2.774226600000000076e+02,1.000000000000000000e+00,4.870000000000000000e+02
1.532403800000000160e+02,1.224316199999999810e+02,2.842376199999999926e+02,1.000000000000000000e+00,2.290000000000000000e+02
5.886113999999999891e+01,4.368898000000000081e+01,2.615144000000000091e+01,1.400000000000000000e+01,3.800000000000000000e+01
7.618108000000000857e+01,8.806476000000000681e+01,2.097204999999999870e+02,8.000000000000000000e+00,2.840000000000000000e+02
8.315719999999998890e+01,7.550685999999998899e+01,1.788080399999999770e+02,1.000000000000000000e+01,2.460000000000000000e+02
6.122617999999999938e+01,7.918497999999999593e+01,1.665772199999999827e+02,1.000000000000000000e+01,6.500000000000000000e+02
1.078020999999999958e+02,1.385819599999999809e+02,3.036832400000000121e+02,3.000000000000000000e+00,1.040000000000000000e+02
1.459888599999999883e+02,9.144606000000000279e+01,2.975411399999999844e+02,0.000000000000000000e+00,9.800000000000000000e+01
1.324850800000000106e+02,1.020921400000000006e+02,3.041517600000000243e+02,0.000000000000000000e+00,6.200000000000000000e+01
4.672109999999999985e+01,3.539229999999999876e+01,4.276145999999999248e+01,1.300000000000000000e+01,5.010000000000000000e+02
1.798134199999999794e+02,1.379386800000000051e+02,2.469460799999999665e+02,6.000000000000000000e+00,4.640000000000000000e+02
1.068864799999999917e+02,1.047760999999999996e+02,2.476356000000000108e+02,2.000000000000000000e+00,6.020000000000000000e+02
4.108968000000000131e+01,6.787080000000000268e+01,3.136023999999999745e+01,1.400000000000000000e+01,6.070000000000000000e+02
8.505780000000000030e+01,7.847607999999999606e+01,1.846499200000000087e+02,1.000000000000000000e+01,3.010000000000000000e+02
6.989243999999999346e+01,7.637283999999999651e+01,1.492205599999999777e+02,1.100000000000000000e+01,6.870000000000000000e+02
5.166197999999999269e+01,6.672024000000000399e+01,4.690843999999999880e+01,1.300000000000000000e+01,1.650000000000000000e+02
9.260716000000000747e+01,8.385997999999999308e+01,2.056517199999999832e+02,8.000000000000000000e+00,6.740000000000000000e+02
1.488996000000000031e+01,1.470734600000000114e+02,2.856676600000000121e+02,9.000000000000000000e+00,5.130000000000000000e+02
1.507053400000000067e+02,1.389151599999999860e+02,2.787462800000000129e+02,1.000000000000000000e+00,2.420000000000000000e+02
2.822476000000000340e+01,5.249531999999999954e+01,4.851663999999999533e+01,1.300000000000000000e+01,6.820000000000000000e+02
1.208203600000000080e+02,1.172693999999999903e+02,2.876019199999999501e+02,0.000000000000000000e+00,3.820000000000000000e+02
2.749512000000000000e+01,4.300014000000000181e+01,1.573758000000000123e+01,1.400000000000000000e+01,1.870000000000000000e+02
8.873081999999999425e+01,2.321519999999999584e+01,3.092228600000000256e+02,4.000000000000000000e+00,4.080000000000000000e+02
9.135698000000000718e+01,7.824963999999998521e+01,2.244850000000000136e+02,8.000000000000000000e+00,6.230000000000000000e+02
9.286726000000001591e+01,1.147612200000000087e+02,3.203405199999999695e+02,3.000000000000000000e+00,6.720000000000000000e+02
1.059351600000000104e+02,3.934445999999999799e+01,3.165865799999999695e+02,4.000000000000000000e+00,1.310000000000000000e+02
4.554742000000000246e+01,6.855725999999999942e+01,9.609759999999999636e+00,1.400000000000000000e+01,5.660000000000000000e+02
9.433674000000000603e+01,6.399955999999999534e+01,3.311786999999999921e+02,4.000000000000000000e+00,4.980000000000000000e+02
6.042208000000000112e+01,5.023805999999999727e+01,3.324383999999999872e+01,1.400000000000000000e+01,7.080000000000000000e+02
4.771355999999999398e+01,1.300649599999999850e+02,3.144422000000000139e+02,9.000000000000000000e+00,7.400000000000000000e+01
1.720804599999999880e+02,1.527565600000000074e+02,2.364951599999999985e+02,6.000000000000000000e+00,1.910000000000000000e+02
1.803064200000000028e+02,4.189003999999999195e+01,2.475336000000000070e+02,5.000000000000000000e+00,5.310000000000000000e+02
6.968639999999999191e+01,1.479554200000000037e+02,3.105475000000000136e+02,9.000000000000000000e+00,6.790000000000000000e+02
1.688518199999999752e+02,5.531799999999999784e+01,2.791437399999999798e+02,5.000000000000000000e+00,5.890000000000000000e+02
5.703057999999999339e+01,6.639315999999999462e+01,1.709570999999999970e+02,1.000000000000000000e+01,6.280000000000000000e+02
1.003285600000000102e+02,1.241418199999999814e+02,3.136547599999999534e+02,3.000000000000000000e+00,5.590000000000000000e+02
1.819860199999999963e+02,5.555157999999999419e+01,2.573497399999999971e+02,5.000000000000000000e+00,2.960000000000000000e+02
1.684288599999999860e+02,1.310716999999999928e+02,2.689042999999999779e+02,1.000000000000000000e+00,6.130000000000000000e+02
1.170205199999999905e+02,6.911146000000000811e+01,3.215451400000000035e+02,4.000000000000000000e+00,6.780000000000000000e+02
8.624031999999999698e+01,8.406228000000000122e+01,2.338815800000000138e+02,8.000000000000000000e+00,3.100000000000000000e+01
6.723975999999998976e+01,8.133548000000000400e+01,1.932668800000000147e+02,1.000000000000000000e+01,4.700000000000000000e+01
6.151891999999999427e+01,6.105821999999999150e+01,7.919415999999999656e+01,1.200000000000000000e+01,6.950000000000000000e+02
6.263037999999999528e+01,5.926233999999999469e+01,1.692639000000000067e+02,1.000000000000000000e+01,5.450000000000000000e+02
4.212429999999999808e+01,6.188747999999998939e+01,8.500000000000000000e+00,1.400000000000000000e+01,4.780000000000000000e+02
1.205510799999999847e+02,1.801228200000000186e+02,2.546018599999999594e+02,7.000000000000000000e+00,3.760000000000000000e+02
1.202032599999999860e+02,1.700220999999999663e+02,2.673113999999999919e+02,7.000000000000000000e+00,8.600000000000000000e+01
2.430795999999999779e+01,1.362570399999999893e+02,2.998833999999999946e+02,9.000000000000000000e+00,2.760000000000000000e+02
1.788148399999999754e+02,8.417583999999999378e+01,2.689335399999999936e+02,5.000000000000000000e+00,1.400000000000000000e+02
1.845618599999999958e+02,4.761971999999999383e+01,2.454786400000000128e+02,5.000000000000000000e+00,5.000000000000000000e+02
9.761059999999999093e+01,1.916267199999999775e+02,2.248481199999999944e+02,7.000000000000000000e+00,7.100000000000000000e+02
9.636279999999999291e+00,1.466294200000000103e+02,2.802303799999999683e+02,9.000000000000000000e+00,5.860000000000000000e+02
4.775096000000000629e+01,6.758825999999999112e+01,3.627119999999999322e+01,1.400000000000000000e+01,6.310000000000000000e+02
8.405683999999999401e+01,9.335107999999998185e+01,2.250449800000000096e+02,8.000000000000000000e+00,9.400000000000000000e+01
1.682302999999999997e+02,1.577185199999999838e+02,2.386147200000000055e+02,6.000000000000000000e+00,1.630000000000000000e+02
1.809432400000000030e+02,6.965988000000000113e+01,2.650714800000000082e+02,5.000000000000000000e+00,1.380000000000000000e+02
5.652228000000000208e+01,5.275202000000000169e+01,1.457566400000000044e+02,1.100000000000000000e+01,2.670000000000000000e+02
1.167468199999999996e+02,1.159906599999999912e+02,3.060129200000000083e+02,0.000000000000000000e+00,3.670000000000000000e+02
1.004407599999999974e+02,9.268944000000000472e+01,2.258317399999999679e+02,8.000000000000000000e+00,3.290000000000000000e+02
7.154959999999999809e+01,8.541174000000000888e+01,1.888400800000000004e+02,1.000000000000000000e+01,8.200000000000000000e+01
1.402051199999999938e+02,1.474464399999999955e+02,2.815023199999999974e+02,1.000000000000000000e+00,3.450000000000000000e+02
1.589268800000000113e+02,1.529010600000000011e+02,2.616245599999999740e+02,1.000000000000000000e+00,7.060000000000000000e+02
6.243997999999999848e+01,5.364179999999999637e+01,7.317990000000000350e+01,1.300000000000000000e+01,5.100000000000000000e+01
9.148515999999999337e+01,1.417647000000000048e+02,3.100164199999999823e+02,3.000000000000000000e+00,2.300000000000000000e+02
1.697439799999999934e+02,8.800593999999999539e+01,2.785551999999999566e+02,5.000000000000000000e+00,3.600000000000000000e+01
5.625946000000000424e+01,3.942163999999999646e+01,1.624690000000000012e+01,1.400000000000000000e+01,6.300000000000000000e+01
1.158125000000000000e+02,9.891313999999999851e+01,2.600792599999999766e+02,2.000000000000000000e+00,3.540000000000000000e+02
6.618269999999999698e+01,8.196074000000000126e+01,1.845553999999999917e+02,1.000000000000000000e+01,1.120000000000000000e+02
1.130710799999999949e+02,1.585957200000000000e+02,2.813527199999999766e+02,1.000000000000000000e+00,4.990000000000000000e+02
5.931401999999999930e+01,4.539986000000000388e+01,3.937709999999999866e+01,1.400000000000000000e+01,7.220000000000000000e+02
6.056827999999999435e+01,7.639629999999999654e+01,1.390610200000000134e+02,1.100000000000000000e+01,5.610000000000000000e+02
6.159848000000000212e+01,5.674667999999999779e+01,1.617896800000000042e+02,1.000000000000000000e+01,6.380000000000000000e+02
6.601780000000000825e+01,5.495215999999999212e+01,1.079680199999999957e+02,1.200000000000000000e+01,3.470000000000000000e+02
1.773253000000000270e+02,3.560956000000000188e+01,2.473214399999999671e+02,5.000000000000000000e+00,5.620000000000000000e+02
6.324815999999999860e+01,6.350995999999999242e+01,1.783816800000000171e+02,1.000000000000000000e+01,3.600000000000000000e+02
1.536456599999999924e+02,1.553670799999999872e+02,2.657654200000000060e+02,1.000000000000000000e+00,5.930000000000000000e+02
8.485719999999999175e+01,1.445476000000000028e+01,3.014202000000000226e+02,4.000000000000000000e+00,5.240000000000000000e+02
5.416438000000000130e+01,3.923769999999999669e+01,5.581983999999999924e+01,1.300000000000000000e+01,3.420000000000000000e+02
1.190999600000000100e+02,1.108138200000000069e+02,2.868824799999999868e+02,0.000000000000000000e+00,4.210000000000000000e+02
1.688341399999999908e+02,9.546859999999998081e+01,2.780543799999999806e+02,5.000000000000000000e+00,3.700000000000000000e+01
8.168295999999999424e+01,8.736436000000000490e+01,2.274922999999999718e+02,8.000000000000000000e+00,6.500000000000000000e+01
1.018752199999999846e+02,3.376573999999999387e+01,3.146105000000000018e+02,4.000000000000000000e+00,2.230000000000000000e+02
5.746000000000000796e+01,6.103612000000000393e+01,8.500000000000000000e+00,1.400000000000000000e+01,2.770000000000000000e+02
1.729960800000000063e+02,1.558729999999999905e+02,2.159873799999999733e+02,6.000000000000000000e+00,4.900000000000000000e+02
6.140841999999999246e+01,4.750751999999999953e+01,1.094082599999999985e+02,1.200000000000000000e+01,1.830000000000000000e+02
2.904007999999999967e+01,1.332932600000000036e+02,3.043163199999999620e+02,9.000000000000000000e+00,2.180000000000000000e+02
1.055166199999999890e+02,1.885235399999999970e+02,2.400178999999999689e+02,7.000000000000000000e+00,4.000000000000000000e+02
9.018499999999998806e+01,8.252139999999999986e+01,1.991227000000000089e+02,8.000000000000000000e+00,6.270000000000000000e+02
6.188373999999999597e+01,6.920461999999999136e+01,1.092474399999999974e+02,1.200000000000000000e+01,6.260000000000000000e+02
7.627559999999999718e+01,6.258176000000000272e+01,1.687831400000000031e+02,1.000000000000000000e+01,2.830000000000000000e+02
8.300521999999999423e+01,3.774101999999999890e+01,3.227514600000000087e+02,4.000000000000000000e+00,3.830000000000000000e+02
9.344934000000000651e+01,1.220769999999999982e+02,3.171999399999999696e+02,3.000000000000000000e+00,6.520000000000000000e+02
1.728043200000000184e+02,1.410367599999999868e+02,2.549343799999999760e+02,6.000000000000000000e+00,4.940000000000000000e+02
1.646439799999999991e+02,1.574067400000000134e+02,2.476036399999999560e+02,6.000000000000000000e+00,4.020000000000000000e+02
1.286468199999999911e+02,1.077731999999999886e+02,3.026312799999999470e+02,0.000000000000000000e+00,1.780000000000000000e+02
4.976818000000000097e+01,6.972379999999999711e+01,1.459480599999999981e+02,1.100000000000000000e+01,4.510000000000000000e+02
5.048897999999999087e+01,3.509207999999999572e+01,1.673514000000000124e+01,1.400000000000000000e+01,6.800000000000000000e+01
1.760394199999999785e+02,7.589479999999998938e+01,2.723383000000000038e+02,5.000000000000000000e+00,7.800000000000000000e+01
1.127535199999999804e+02,5.471415999999999968e+01,3.204955599999999549e+02,4.000000000000000000e+00,6.700000000000000000e+01
1.700533799999999758e+02,4.986609999999999587e+01,2.754170000000000300e+02,5.000000000000000000e+00,5.600000000000000000e+02
5.160417999999999950e+01,3.841456000000000159e+01,6.279494000000000398e+01,1.300000000000000000e+01,2.850000000000000000e+02
7.761995999999999185e+01,1.183067400000000049e+02,3.221663199999999279e+02,3.000000000000000000e+00,5.040000000000000000e+02
1.879526799999999866e+02,4.710224000000000188e+01,2.358345400000000041e+02,5.000000000000000000e+00,5.670000000000000000e+02
1.602981000000000051e+02,1.068762799999999942e+02,2.815349600000000123e+02,1.000000000000000000e+00,3.170000000000000000e+02
6.472885999999999740e+01,7.446272000000000446e+01,1.343812599999999975e+02,1.100000000000000000e+01,5.520000000000000000e+02
7.332644000000000517e+01,1.311638400000000217e+02,3.173070399999999722e+02,3.000000000000000000e+00,4.880000000000000000e+02
1.493093000000000075e+02,1.604381799999999885e+02,2.665304199999999923e+02,1.000000000000000000e+00,6.910000000000000000e+02
6.465644000000000347e+01,6.153727999999999554e+01,9.783500000000000796e+01,1.200000000000000000e+01,5.480000000000000000e+02
4.633825999999999823e+01,7.035790000000000077e+01,9.798358000000000345e+01,1.200000000000000000e+01,5.280000000000000000e+02
1.842956399999999917e+02,7.437738000000000227e+01,2.611111600000000408e+02,5.000000000000000000e+00,1.200000000000000000e+02
4.482253999999999650e+01,6.880579999999999075e+01,6.868952000000000169e+01,1.300000000000000000e+01,3.000000000000000000e+00
1.239041599999999903e+02,1.124934200000000004e+02,3.022293999999999414e+02,0.000000000000000000e+00,2.600000000000000000e+02
1.000514599999999916e+02,8.466985999999999990e+01,2.311391399999999976e+02,8.000000000000000000e+00,6.010000000000000000e+02
2.735299999999999798e+01,5.857350000000000989e+01,1.711933999999999756e+01,1.400000000000000000e+01,7.030000000000000000e+02
5.335824000000000211e+01,3.981978000000000151e+01,6.939433999999999969e+01,1.300000000000000000e+01,2.680000000000000000e+02
1.020758200000000073e+02,1.418119599999999991e+02,3.056276999999999475e+02,3.000000000000000000e+00,1.460000000000000000e+02
1.298562000000000012e+02,9.759257999999998390e+01,3.087308799999999565e+02,0.000000000000000000e+00,1.680000000000000000e+02
1.442228999999999814e+02,1.047689599999999928e+02,2.928688599999999838e+02,0.000000000000000000e+00,2.700000000000000000e+01
5.386518000000000228e+01,7.454466000000000747e+01,1.478289399999999887e+02,1.100000000000000000e+01,5.080000000000000000e+02
3.642726000000000397e+01,6.660634000000000299e+01,8.500000000000000000e+00,1.400000000000000000e+01,5.650000000000000000e+02
6.420933999999999742e+01,5.120501999999999043e+01,1.322647599999999954e+02,1.100000000000000000e+01,4.950000000000000000e+02
6.029287999999999670e+01,5.472572000000000259e+01,3.828059999999999974e+01,1.400000000000000000e+01,7.160000000000000000e+02
1.726496200000000272e+02,1.556642400000000066e+02,2.002749599999999930e+02,6.000000000000000000e+00,6.730000000000000000e+02
6.155292000000000030e+01,1.311804999999999950e+02,3.168113199999999665e+02,9.000000000000000000e+00,7.100000000000000000e+01
5.468219999999999459e+01,6.591443999999999903e+01,6.102149999999998897e+01,1.300000000000000000e+01,1.400000000000000000e+01
1.073175999999999846e+02,1.082872799999999955e+02,2.563912799999999947e+02,2.000000000000000000e+00,6.160000000000000000e+02
1.781460599999999772e+02,3.309967999999999222e+01,2.380635799999999733e+02,5.000000000000000000e+00,7.180000000000000000e+02
1.551345200000000091e+02,7.855257999999999186e+01,2.942910800000000222e+02,0.000000000000000000e+00,1.890000000000000000e+02
9.745250000000000057e+01,1.356103599999999858e+02,3.103669600000000059e+02,3.000000000000000000e+00,5.570000000000000000e+02
7.656528000000000134e+01,6.332806000000000068e+01,1.784605599999999868e+02,1.000000000000000000e+01,1.980000000000000000e+02
5.961661999999999040e+01,4.716785999999999746e+01,1.165706999999999880e+02,1.200000000000000000e+01,2.490000000000000000e+02
3.638781999999999783e+01,6.281227999999999412e+01,9.056239999999999668e+01,1.200000000000000000e+01,3.240000000000000000e+02
1.179344399999999951e+02,1.162017999999999915e+02,2.771520199999999932e+02,2.000000000000000000e+00,1.840000000000000000e+02
5.427998000000000189e+01,1.387903799999999990e+02,3.121635200000000054e+02,9.000000000000000000e+00,2.140000000000000000e+02
5.810769999999999413e+01,7.730953999999999837e+01,1.600662199999999871e+02,1.000000000000000000e+01,6.840000000000000000e+02
2.563429999999999964e+01,5.442005999999999943e+01,8.500000000000000000e+00,1.400000000000000000e+01,3.090000000000000000e+02
5.432247999999999877e+01,6.417874000000000478e+01,2.451025999999999883e+01,1.400000000000000000e+01,4.560000000000000000e+02
1.281361400000000117e+02,1.096867200000000082e+02,2.856204000000000178e+02,0.000000000000000000e+00,4.840000000000000000e+02
1.776166800000000023e+02,5.078784000000000276e+01,2.625480000000000018e+02,5.000000000000000000e+00,4.600000000000000000e+02
7.521989999999999554e+01,6.804420000000000357e+01,1.504534000000000162e+02,1.100000000000000000e+01,6.900000000000000000e+02
1.015059800000000081e+02,1.052823599999999971e+02,2.547341200000000185e+02,2.000000000000000000e+00,5.950000000000000000e+02
3.160095999999999705e+01,4.645658000000000243e+01,8.500000000000000000e+00,1.400000000000000000e+01,3.870000000000000000e+02
3.815446000000000026e+01,5.035195999999999827e+01,1.009330800000000039e+02,1.200000000000000000e+01,1.710000000000000000e+02
1.086011000000000024e+02,1.013237400000000008e+02,2.712339799999999741e+02,2.000000000000000000e+00,1.810000000000000000e+02
4.162517999999999319e+01,6.798945999999999401e+01,8.795936000000000377e+01,1.200000000000000000e+01,4.320000000000000000e+02
1.067555800000000090e+02,9.093945999999999685e+01,2.505925800000000265e+02,2.000000000000000000e+00,4.360000000000000000e+02
5.697617999999999938e+01,4.107404000000000366e+01,3.197223999999999577e+01,1.400000000000000000e+01,2.300000000000000000e+01
4.821880000000000166e+01,6.950925999999999760e+01,7.842813999999999908e+01,1.200000000000000000e+01,5.140000000000000000e+02
1.608815400000000011e+02,9.979782000000000153e+01,2.836028399999999579e+02,0.000000000000000000e+00,2.000000000000000000e+02
8.961957999999999913e+01,9.412525999999999726e+01,2.155797199999999805e+02,8.000000000000000000e+00,3.000000000000000000e+02
1.536908799999999928e+02,1.625026599999999917e+02,2.590663999999999874e+02,6.000000000000000000e+00,7.200000000000000000e+01
1.668128399999999942e+02,8.283386000000000138e+01,2.821639600000000314e+02,5.000000000000000000e+00,8.000000000000000000e+00
1.146530999999999949e+02,1.361744199999999978e+02,2.954409600000000182e+02,3.000000000000000000e+00,1.420000000000000000e+02
1.157648999999999830e+02,1.303876199999999983e+02,3.010122000000000071e+02,3.000000000000000000e+00,4.100000000000000000e+01
1.800096000000000060e+02,9.383082000000001699e+01,2.672012399999999843e+02,5.000000000000000000e+00,1.140000000000000000e+02
1.354230200000000082e+02,1.056736999999999966e+02,2.971766599999999698e+02,0.000000000000000000e+00,3.000000000000000000e+01
1.136194999999999879e+02,1.015311400000000077e+02,3.181570399999999950e+02,0.000000000000000000e+00,4.150000000000000000e+02
7.016852000000000089e+01,8.236397999999999797e+01,1.702118200000000172e+02,1.000000000000000000e+01,6.110000000000000000e+02
5.370232000000000028e+01,6.925357999999999947e+01,8.612403999999999371e+01,1.200000000000000000e+01,6.550000000000000000e+02
1.228521999999999821e+02,1.064730399999999975e+02,2.828650399999999649e+02,0.000000000000000000e+00,4.460000000000000000e+02
1.681745399999999790e+02,1.594351800000000026e+02,1.952990599999999688e+02,6.000000000000000000e+00,6.960000000000000000e+02
1.653464199999999948e+02,1.611531999999999982e+02,1.896091600000000028e+02,6.000000000000000000e+00,6.970000000000000000e+02
1.749602600000000052e+02,9.308043999999999585e+01,2.725984000000000265e+02,5.000000000000000000e+00,9.000000000000000000e+01
5.275610000000000355e+01,3.736395999999999873e+01,3.794331999999999994e+01,1.400000000000000000e+01,2.100000000000000000e+01
5.752119999999999322e+01,4.276485999999999876e+01,6.453063999999999112e+01,1.300000000000000000e+01,2.360000000000000000e+02
6.263241999999999621e+01,1.555761799999999937e+02,3.069506400000000212e+02,9.000000000000000000e+00,6.630000000000000000e+02
2.720918000000000347e+01,5.570797999999999206e+01,3.116984000000000066e+01,1.400000000000000000e+01,3.560000000000000000e+02
8.343429999999999325e+01,1.998826000000000036e+01,3.066596000000000117e+02,4.000000000000000000e+00,4.790000000000000000e+02
1.713433400000000120e+02,6.611708000000000141e+01,2.776052399999999807e+02,5.000000000000000000e+00,2.030000000000000000e+02
1.447410600000000045e+02,1.419353799999999808e+02,2.812469799999999509e+02,1.000000000000000000e+00,2.860000000000000000e+02
8.033723999999999421e+01,8.492486000000000956e+01,1.854543600000000083e+02,1.000000000000000000e+01,5.290000000000000000e+02
7.704842000000000724e+01,2.081616000000000000e+01,3.090637399999999957e+02,4.000000000000000000e+00,5.110000000000000000e+02
8.254349999999999454e+01,1.798018600000000049e+02,2.602404200000000287e+02,7.000000000000000000e+00,7.020000000000000000e+02
5.075247999999999848e+01,1.452248799999999846e+02,3.082361799999999903e+02,9.000000000000000000e+00,2.060000000000000000e+02
6.548808000000001073e+01,5.473829999999999529e+01,1.541454599999999857e+02,1.100000000000000000e+01,1.450000000000000000e+02
9.505447999999999809e+01,1.722834400000000130e+02,2.716837999999999624e+02,7.000000000000000000e+00,8.700000000000000000e+01
5.629617999999999967e+01,6.253823999999999472e+01,1.740800000000000125e+01,1.400000000000000000e+01,3.270000000000000000e+02
5.953161999999999665e+01,1.496503199999999936e+02,3.087315600000000018e+02,9.000000000000000000e+00,6.170000000000000000e+02
9.487359999999999616e+01,1.002564799999999963e+02,2.465166600000000017e+02,2.000000000000000000e+00,5.770000000000000000e+02
1.126239800000000173e+02,1.100668399999999849e+02,2.598691400000000158e+02,2.000000000000000000e+00,6.930000000000000000e+02
1.610335200000000100e+02,7.658839999999999293e+01,2.889676999999999794e+02,5.000000000000000000e+00,1.500000000000000000e+02
4.896169999999999334e+01,5.858030000000000115e+01,8.500000000000000000e+00,1.400000000000000000e+01,2.170000000000000000e+02
1.020336599999999976e+02,5.885909999999999087e+01,3.264489599999999996e+02,4.000000000000000000e+00,3.720000000000000000e+02
3.559970000000000567e+01,6.466834000000000060e+01,6.546496000000000492e+01,1.300000000000000000e+01,3.490000000000000000e+02
3.184337999999999980e+01,3.873586000000000240e+01,8.500000000000000000e+00,1.400000000000000000e+01,5.980000000000000000e+02
5.041281999999999641e+01,4.006050000000000466e+01,8.286888000000000432e+01,1.200000000000000000e+01,2.790000000000000000e+02
1.764191999999999894e+02,3.958415999999999713e+01,2.549969399999999951e+02,5.000000000000000000e+00,6.050000000000000000e+02
8.145515999999999224e+01,1.884279999999999973e+02,2.194393999999999778e+02,7.000000000000000000e+00,6.210000000000000000e+02
1.360948600000000113e+02,1.371770799999999895e+02,2.875550000000000068e+02,1.000000000000000000e+00,1.470000000000000000e+02
8.022435999999999012e+01,1.258608599999999882e+02,3.188349999999999795e+02,3.000000000000000000e+00,3.650000000000000000e+02
1.075365599999999944e+02,9.623427999999999827e+01,2.644499599999999759e+02,2.000000000000000000e+00,2.520000000000000000e+02
1.231534399999999749e+02,5.995083999999999946e+01,3.168980200000000309e+02,4.000000000000000000e+00,3.400000000000000000e+01
1.663184799999999939e+02,1.057865800000000007e+02,2.773155600000000049e+02,1.000000000000000000e+00,4.050000000000000000e+02
1.082692600000000027e+02,1.173775199999999899e+02,3.119061399999999935e+02,3.000000000000000000e+00,6.600000000000000000e+01
2.922538000000000125e+01,4.954955999999999960e+01,5.571103999999999701e+01,1.300000000000000000e+01,6.570000000000000000e+02
4.851120000000000232e+01,6.854467999999999961e+01,6.207515999999998968e+01,1.300000000000000000e+01,1.100000000000000000e+01
1.128793200000000070e+02,1.522271800000000042e+02,2.864683600000000183e+02,3.000000000000000000e+00,3.900000000000000000e+02
8.510539999999998884e+01,3.102397999999999456e+01,3.166545799999999531e+02,4.000000000000000000e+00,3.550000000000000000e+02
7.863588000000000022e+01,1.301350000000000229e+01,2.999612599999999816e+02,4.000000000000000000e+00,6.040000000000000000e+02
1.254338199999999972e+02,1.738311199999999701e+02,2.614035599999999704e+02,7.000000000000000000e+00,2.410000000000000000e+02
1.071605200000000053e+02,1.769002999999999872e+02,2.621549599999999600e+02,7.000000000000000000e+00,2.280000000000000000e+02
1.558233599999999797e+02,1.411414800000000014e+02,2.736258799999999951e+02,1.000000000000000000e+00,2.920000000000000000e+02
6.072943999999999676e+01,4.697202000000000055e+01,7.279807999999999879e+01,1.300000000000000000e+01,6.100000000000000000e+01
9.832425999999998112e+01,1.821774399999999901e+02,2.541442199999999900e+02,7.000000000000000000e+00,2.940000000000000000e+02
8.911501999999998702e+01,9.036485999999999308e+01,2.067740599999999915e+02,8.000000000000000000e+00,4.430000000000000000e+02
8.025053999999998666e+01,8.137968000000000757e+01,1.787427600000000041e+02,1.000000000000000000e+01,2.910000000000000000e+02
1.081934399999999954e+02,1.253362400000000179e+02,3.088577000000000226e+02,3.000000000000000000e+00,2.000000000000000000e+01
2.918458000000000041e+01,6.193950000000000244e+01,8.893379999999998731e+00,1.400000000000000000e+01,6.680000000000000000e+02
4.366109999999999758e+01,6.861607999999999663e+01,1.102674399999999792e+02,1.200000000000000000e+01,6.800000000000000000e+02
4.654225999999999885e+01,5.460841999999999530e+01,1.333180800000000090e+02,1.100000000000000000e+01,2.930000000000000000e+02
1.728825199999999995e+02,1.328757400000000075e+02,2.627169799999999782e+02,1.000000000000000000e+00,7.170000000000000000e+02
1.064645399999999995e+02,9.277885999999998035e+01,2.577332599999999729e+02,2.000000000000000000e+00,2.810000000000000000e+02
1.240353999999999957e+02,1.153280000000000030e+02,2.938790000000000191e+02,0.000000000000000000e+00,3.520000000000000000e+02
1.045761799999999937e+02,1.810880799999999908e+02,2.560370000000000346e+02,7.000000000000000000e+00,2.540000000000000000e+02
1.105180199999999928e+02,1.415420000000000016e+02,2.943985200000000191e+02,3.000000000000000000e+00,1.560000000000000000e+02
6.992745999999999640e+01,1.550984800000000234e+02,3.076931999999999903e+02,9.000000000000000000e+00,6.990000000000000000e+02
6.835019999999998674e+01,5.668344000000000449e+01,1.227403400000000175e+02,1.100000000000000000e+01,5.090000000000000000e+02
1.007528799999999904e+02,1.584348999999999990e+02,2.863007399999999620e+02,3.000000000000000000e+00,2.550000000000000000e+02
1.051966800000000006e+02,5.327052000000000476e+01,3.231502800000000093e+02,4.000000000000000000e+00,4.340000000000000000e+02
1.378223999999999876e+02,1.124567000000000121e+02,2.924846600000000194e+02,0.000000000000000000e+00,4.170000000000000000e+02
8.755509999999999593e+01,1.893779599999999732e+02,2.225656999999999925e+02,7.000000000000000000e+00,5.330000000000000000e+02
8.291784000000001242e+01,9.283087999999999340e+01,2.163093599999999697e+02,8.000000000000000000e+00,2.450000000000000000e+02
1.489356400000000065e+02,9.703871999999999787e+01,2.934312199999999962e+02,0.000000000000000000e+00,5.000000000000000000e+01
9.244056000000000495e+01,1.771158599999999979e+02,2.641500800000000027e+02,7.000000000000000000e+00,2.400000000000000000e+02
1.430917199999999809e+02,1.524733400000000074e+02,2.772615000000000123e+02,1.000000000000000000e+00,4.500000000000000000e+02
1.613589000000000055e+02,1.697745799999999861e+02,2.287594799999999964e+02,6.000000000000000000e+00,3.630000000000000000e+02
5.081163999999999703e+01,5.443773999999999802e+01,1.422135000000000105e+02,1.100000000000000000e+01,2.150000000000000000e+02
5.449043999999999244e+01,3.866888000000000147e+01,4.431287999999999982e+01,1.300000000000000000e+01,5.430000000000000000e+02
1.241703799999999944e+02,1.154555000000000007e+02,2.741277200000000107e+02,2.000000000000000000e+00,2.310000000000000000e+02
1.766901799999999696e+02,1.441032199999999932e+02,2.433927400000000034e+02,6.000000000000000000e+00,3.530000000000000000e+02
8.018186000000000035e+01,7.699775999999999954e+01,1.719345999999999890e+02,1.000000000000000000e+01,3.850000000000000000e+02
1.257802799999999905e+02,1.216196999999999946e+02,2.891927799999999706e+02,1.000000000000000000e+00,1.700000000000000000e+01
1.838383399999999881e+02,6.569548000000000343e+01,2.596372599999999693e+02,5.000000000000000000e+00,1.790000000000000000e+02
6.935932000000001096e+01,5.699828000000000827e+01,1.592308400000000006e+02,1.000000000000000000e+01,5.100000000000000000e+02
7.073597999999999786e+01,7.261856000000000222e+01,2.018222999999999843e+02,8.000000000000000000e+00,5.740000000000000000e+02
5.563147999999998916e+01,1.545374799999999880e+02,3.061353199999999788e+02,9.000000000000000000e+00,5.840000000000000000e+02
4.568545999999999907e+01,3.457357999999999976e+01,3.422065999999999519e+01,1.400000000000000000e+01,3.500000000000000000e+01
1.790011599999999987e+02,3.167712000000000216e+01,2.269360600000000261e+02,5.000000000000000000e+00,6.750000000000000000e+02
5.570661999999999381e+01,7.237716000000000349e+01,1.108117800000000130e+02,1.200000000000000000e+01,6.440000000000000000e+02
3.160742000000000118e+01,4.122500000000000142e+01,4.625427999999999429e+01,1.300000000000000000e+01,7.140000000000000000e+02
1.049154999999999944e+02,1.069578799999999887e+02,2.633248999999999569e+02,2.000000000000000000e+00,7.050000000000000000e+02
8.150479999999998881e+01,1.319750799999999913e+02,3.161146600000000149e+02,3.000000000000000000e+00,2.580000000000000000e+02
6.223631999999999920e+01,7.713444000000001211e+01,1.825018000000000029e+02,1.000000000000000000e+01,1.000000000000000000e+02
8.095229999999999393e+01,7.531543999999999528e+01,2.170036399999999901e+02,8.000000000000000000e+00,3.400000000000000000e+02
3.183725999999999701e+01,4.356148000000000309e+01,5.787140000000000128e+01,1.300000000000000000e+01,5.810000000000000000e+02
1.271912799999999919e+02,1.399388999999999896e+02,2.869372200000000248e+02,1.000000000000000000e+00,2.330000000000000000e+02
8.792502000000000351e+01,8.891000000000001080e+01,2.390611399999999946e+02,8.000000000000000000e+00,2.600000000000000000e+01
6.781741999999999848e+01,5.455707999999999203e+01,1.451276400000000137e+02,1.100000000000000000e+01,2.500000000000000000e+02
6.263581999999999539e+01,7.800994000000000028e+01,1.487057999999999822e+02,1.100000000000000000e+01,7.130000000000000000e+02
3.831323999999999330e+01,5.468355999999999995e+01,1.079204199999999929e+02,1.200000000000000000e+01,1.130000000000000000e+02
6.754507999999999868e+01,5.969617999999999824e+01,1.735784999999999911e+02,1.000000000000000000e+01,4.650000000000000000e+02
1.468680999999999983e+02,1.351751599999999769e+02,2.828099599999999896e+02,1.000000000000000000e+00,2.100000000000000000e+02
7.019639999999999702e+01,6.130607999999999436e+01,1.278549599999999913e+02,1.100000000000000000e+01,4.680000000000000000e+02
1.182098399999999998e+02,1.753971600000000137e+02,2.616282999999999674e+02,7.000000000000000000e+00,2.640000000000000000e+02
4.647052000000000049e+01,6.808975999999999829e+01,2.081275999999999726e+01,1.400000000000000000e+01,4.760000000000000000e+02
1.710557000000000016e+02,7.536609999999998877e+01,2.782434199999999578e+02,5.000000000000000000e+00,8.900000000000000000e+01
2.819926000000000244e+01,4.682038000000000011e+01,4.357405999999999580e+01,1.300000000000000000e+01,6.860000000000000000e+02
7.369057999999999709e+01,1.245719199999999773e+02,3.197278399999999579e+02,3.000000000000000000e+00,4.070000000000000000e+02
6.457755999999999119e+01,5.252320000000000277e+01,1.009167600000000107e+02,1.200000000000000000e+01,3.060000000000000000e+02
7.694097999999999615e+01,7.326251999999999498e+01,2.103080199999999991e+02,8.000000000000000000e+00,3.390000000000000000e+02
6.396759999999999735e+01,7.653127999999999531e+01,1.895357199999999978e+02,1.000000000000000000e+01,7.600000000000000000e+01
3.459091999999999700e+01,6.485567999999999245e+01,5.129444000000000159e+01,1.300000000000000000e+01,2.800000000000000000e+02
7.960997999999999308e+01,1.877197799999999859e+02,2.279006400000000099e+02,7.000000000000000000e+00,6.320000000000000000e+02
8.433938000000000557e+01,4.436863999999999919e+01,3.264863599999999906e+02,4.000000000000000000e+00,3.500000000000000000e+02
7.738230000000000075e+01,7.198343999999998744e+01,1.593515400000000000e+02,1.000000000000000000e+01,4.810000000000000000e+02
6.203674000000000177e+01,4.985861999999999483e+01,7.947227999999999781e+01,1.200000000000000000e+01,4.690000000000000000e+02
8.660242000000000928e+01,1.488234400000000051e+02,3.084408599999999865e+02,3.000000000000000000e+00,2.470000000000000000e+02
5.368701999999999686e+01,4.495582000000000278e+01,1.128405599999999964e+02,1.200000000000000000e+01,3.080000000000000000e+02
5.237971999999999895e+01,5.189896000000000242e+01,8.500000000000000000e+00,1.400000000000000000e+01,1.770000000000000000e+02
1.600407199999999932e+02,1.295695800000000020e+02,2.768681199999999762e+02,1.000000000000000000e+00,3.970000000000000000e+02
1.627569799999999987e+02,1.532002600000000143e+02,2.562586799999999698e+02,6.000000000000000000e+00,1.500000000000000000e+01
7.766857999999999151e+01,2.588454000000000121e+01,3.144585199999999645e+02,4.000000000000000000e+00,5.870000000000000000e+02
8.563035999999999603e+01,1.862091599999999971e+02,2.421762200000000007e+02,7.000000000000000000e+00,5.390000000000000000e+02
2.503215999999999752e+01,1.511789599999999893e+02,2.929202000000000226e+02,9.000000000000000000e+00,5.160000000000000000e+02
4.991471999999999554e+01,1.242985599999999948e+02,3.173638199999999756e+02,9.000000000000000000e+00,5.900000000000000000e+01
1.736148799999999710e+02,1.549121599999999717e+02,2.231535599999999704e+02,6.000000000000000000e+00,3.860000000000000000e+02
1.334918200000000184e+02,1.157614999999999981e+02,2.866325800000000186e+02,1.000000000000000000e+00,4.200000000000000000e+01
3.689849999999999852e+01,3.520427999999999713e+01,2.632756000000000185e+01,1.400000000000000000e+01,1.760000000000000000e+02
4.394907999999999504e+01,3.363551999999999964e+01,1.971285999999999916e+01,1.400000000000000000e+01,8.500000000000000000e+01
6.715305999999999642e+01,5.560155999999999921e+01,1.159168800000000061e+02,1.100000000000000000e+01,5.580000000000000000e+02
7.795792000000000144e+01,1.517256799999999828e+02,3.085547599999999875e+02,3.000000000000000000e+00,3.800000000000000000e+02
1.234366600000000034e+02,6.815945999999999572e+01,3.181686000000000263e+02,0.000000000000000000e+00,6.490000000000000000e+02
4.911197999999999553e+01,7.179269999999999641e+01,1.120504000000000104e+02,1.200000000000000000e+01,6.620000000000000000e+02
4.801140000000000185e+01,7.030962000000000955e+01,9.124512000000000000e+01,1.200000000000000000e+01,4.800000000000000000e+02
1.009106400000000008e+02,2.317304000000000030e+01,3.070689599999999473e+02,4.000000000000000000e+00,3.910000000000000000e+02
4.156228000000000122e+01,6.802209999999999468e+01,7.935667999999999722e+01,1.200000000000000000e+01,4.620000000000000000e+02
6.038263999999999498e+01,5.210159999999999059e+01,2.655196000000000112e+01,1.400000000000000000e+01,7.040000000000000000e+02
5.987570000000000192e+01,4.823307999999999396e+01,1.256313600000000008e+02,1.100000000000000000e+01,6.080000000000000000e+02
7.747749999999999204e+01,6.948716000000000292e+01,2.027709000000000117e+02,8.000000000000000000e+00,4.710000000000000000e+02
1.479115599999999802e+02,1.460303399999999954e+02,2.770928599999999733e+02,1.000000000000000000e+00,3.340000000000000000e+02
8.379538000000000864e+01,7.018008000000000379e+01,1.997469399999999951e+02,8.000000000000000000e+00,5.710000000000000000e+02
3.274404000000000536e+01,5.721996000000000038e+01,7.895174000000000092e+01,1.300000000000000000e+01,5.970000000000000000e+02
3.932133999999999929e+01,4.105193999999999477e+01,7.739963999999999089e+01,1.300000000000000000e+01,5.230000000000000000e+02
1.538625800000000083e+02,1.316697599999999966e+02,2.800518799999999828e+02,1.000000000000000000e+00,3.100000000000000000e+02
4.766731999999998948e+01,7.103246000000000038e+01,1.050113800000000026e+02,1.200000000000000000e+01,7.230000000000000000e+02
1.084882199999999983e+02,1.083824799999999868e+02,2.708195200000000114e+02,2.000000000000000000e+00,2.190000000000000000e+02
5.828041999999999945e+01,6.094329999999999359e+01,4.742387999999999693e+01,1.300000000000000000e+01,1.030000000000000000e+02
5.921338000000000079e+01,5.385191999999999979e+01,8.500000000000000000e+00,1.400000000000000000e+01,2.070000000000000000e+02
7.543171999999999855e+01,7.855835999999999331e+01,2.141731399999999610e+02,8.000000000000000000e+00,2.870000000000000000e+02
9.266428000000000509e+01,8.163569999999999993e+01,2.343613200000000063e+02,8.000000000000000000e+00,4.500000000000000000e+01
5.967442000000000490e+01,7.498836000000000013e+01,1.298776200000000074e+02,1.100000000000000000e+01,5.630000000000000000e+02
5.951937999999999107e+01,4.532301999999999964e+01,5.875880000000000081e+01,1.300000000000000000e+01,2.050000000000000000e+02
1.630466600000000028e+02,9.182652000000000214e+01,2.841182799999999702e+02,0.000000000000000000e+00,1.970000000000000000e+02
4.988990000000000435e+01,1.582924399999999707e+02,3.029464600000000019e+02,9.000000000000000000e+00,4.440000000000000000e+02
1.207510000000000048e+02,1.374473799999999812e+02,2.913344399999999723e+02,1.000000000000000000e+00,2.720000000000000000e+02
8.998609999999999332e+01,1.850756000000000157e+01,3.046056600000000003e+02,4.000000000000000000e+00,4.830000000000000000e+02
3.956409999999999627e+01,6.141352000000000544e+01,1.126545799999999815e+02,1.200000000000000000e+01,4.670000000000000000e+02
4.123077999999999577e+01,3.303780000000000427e+01,8.500000000000000000e+00,1.400000000000000000e+01,1.540000000000000000e+02
5.380465999999999838e+01,6.805337999999998999e+01,7.516142000000000678e+01,1.300000000000000000e+01,1.000000000000000000e+00
1.277322199999999981e+02,5.559339999999999549e+01,3.142395599999999831e+02,4.000000000000000000e+00,3.300000000000000000e+01
2.638876000000000133e+01,5.442856000000000449e+01,2.449393999999999849e+01,1.400000000000000000e+01,3.190000000000000000e+02
1.206428799999999910e+02,7.438145999999998992e+01,3.196982600000000048e+02,0.000000000000000000e+00,6.880000000000000000e+02
1.698350999999999829e+02,1.575321999999999889e+02,2.318694600000000037e+02,6.000000000000000000e+00,2.010000000000000000e+02
1.141845799999999969e+02,1.056444600000000094e+02,2.546531999999999698e+02,2.000000000000000000e+00,7.120000000000000000e+02
1.121262199999999893e+02,4.196687999999999619e+01,3.158953600000000392e+02,4.000000000000000000e+00,1.170000000000000000e+02
5.921677999999999287e+01,5.743688000000000216e+01,3.118853999999999971e+01,1.400000000000000000e+01,6.510000000000000000e+02
1.048155400000000128e+02,8.881174000000000035e+01,2.441614800000000116e+02,2.000000000000000000e+00,4.040000000000000000e+02
4.774177999999999145e+01,6.869121999999998707e+01,1.391980399999999918e+02,1.100000000000000000e+01,3.610000000000000000e+02
9.247115999999999758e+01,4.425712000000000046e+01,3.238911400000000071e+02,4.000000000000000000e+00,3.040000000000000000e+02
7.582849999999999113e+01,6.242875999999999692e+01,1.621902000000000044e+02,1.000000000000000000e+01,3.930000000000000000e+02
7.094303999999999633e+01,6.810268000000000654e+01,1.353563799999999731e+02,1.100000000000000000e+01,4.330000000000000000e+02
4.311710000000000065e+01,4.521864000000000061e+01,1.024661399999999958e+02,1.200000000000000000e+01,1.290000000000000000e+02
1.693373400000000117e+02,1.599649000000000001e+02,2.250419200000000046e+02,6.000000000000000000e+00,3.110000000000000000e+02
3.129700000000000060e+01,6.223597999999999786e+01,3.840028000000000219e+01,1.400000000000000000e+01,6.290000000000000000e+02
1.163344000000000023e+02,1.429649000000000001e+02,2.909454799999999750e+02,3.000000000000000000e+00,1.940000000000000000e+02
7.978473999999999933e+01,1.844319800000000100e+02,2.470018399999999872e+02,7.000000000000000000e+00,6.240000000000000000e+02
1.163051600000000008e+02,8.956143999999999039e+01,3.206587600000000293e+02,0.000000000000000000e+00,4.590000000000000000e+02
5.938167999999999580e+01,5.740254000000000900e+01,1.466555999999999926e+01,1.400000000000000000e+01,2.480000000000000000e+02
1.532961400000000083e+02,1.032301199999999994e+02,2.879480399999999918e+02,0.000000000000000000e+00,1.350000000000000000e+02
3.888443999999999789e+01,6.245902000000000243e+01,1.062268799999999942e+02,1.200000000000000000e+01,4.060000000000000000e+02
7.932200000000000273e+01,8.748267999999998779e+01,1.918341199999999844e+02,1.000000000000000000e+01,6.250000000000000000e+02
1.091087200000000053e+02,2.878643999999999892e+01,3.092905199999999581e+02,4.000000000000000000e+00,2.380000000000000000e+02
1.352768199999999865e+02,7.202253999999999223e+01,3.120360200000000077e+02,0.000000000000000000e+00,6.360000000000000000e+02
1.882386199999999974e+02,7.797525999999999158e+01,2.564225599999999758e+02,5.000000000000000000e+00,1.670000000000000000e+02
3.140002000000000137e+01,6.351064000000000220e+01,2.275143999999999878e+01,1.400000000000000000e+01,7.010000000000000000e+02
1.004992400000000004e+02,1.849532000000000096e+02,2.479987199999999916e+02,7.000000000000000000e+00,3.660000000000000000e+02
1.072829199999999901e+02,1.695586799999999812e+02,2.723029399999999782e+02,7.000000000000000000e+00,1.900000000000000000e+01
7.705249999999999488e+01,1.368200799999999902e+02,3.146621800000000349e+02,3.000000000000000000e+00,3.210000000000000000e+02
1.121588599999999900e+02,1.657064799999999991e+02,2.748944200000000251e+02,7.000000000000000000e+00,5.000000000000000000e+00
8.021347999999998990e+01,1.457260399999999834e+02,3.107450400000000172e+02,3.000000000000000000e+00,2.820000000000000000e+02
4.633384000000000214e+01,6.986557999999999424e+01,1.228630800000000107e+02,1.100000000000000000e+01,3.810000000000000000e+02
1.350275999999999783e+02,8.015330000000000155e+01,3.112995799999999917e+02,0.000000000000000000e+00,6.140000000000000000e+02
6.990434000000000481e+01,9.675039999999999196e+00,2.956793000000000120e+02,4.000000000000000000e+00,7.110000000000000000e+02
1.094242399999999975e+02,1.840494799999999884e+02,2.496195000000000164e+02,7.000000000000000000e+00,5.510000000000000000e+02
5.886317999999999984e+01,7.017701999999999884e+01,1.764838000000000022e+02,1.000000000000000000e+01,5.370000000000000000e+02
1.804413999999999874e+02,1.425028399999999920e+02,2.373873199999999883e+02,6.000000000000000000e+00,4.570000000000000000e+02
2.922096000000000160e+01,4.078979999999999961e+01,2.428415999999999997e+01,1.400000000000000000e+01,2.040000000000000000e+02
1.198119199999999864e+02,1.497873400000000004e+02,2.851535799999999767e+02,1.000000000000000000e+00,4.130000000000000000e+02
5.807131999999999294e+01,1.238728799999999950e+02,3.192263399999999933e+02,9.000000000000000000e+00,4.000000000000000000e+01
9.459480000000000643e+01,1.626719800000000191e+02,2.840642199999999775e+02,3.000000000000000000e+00,3.070000000000000000e+02
1.171983399999999733e+02,5.995389999999999020e+01,3.200049399999999764e+02,4.000000000000000000e+00,6.400000000000000000e+01
8.655006000000000199e+01,1.894874399999999923e+02,2.128328599999999824e+02,7.000000000000000000e+00,6.480000000000000000e+02
6.141827999999999577e+01,7.871884000000000015e+01,1.731895399999999938e+02,1.000000000000000000e+01,6.650000000000000000e+02
4.381614000000000431e+01,5.445032000000000494e+01,8.500000000000000000e+00,1.400000000000000000e+01,2.950000000000000000e+02
1.232707400000000035e+02,1.104007199999999926e+02,2.695649199999999723e+02,2.000000000000000000e+00,2.690000000000000000e+02
6.322707999999999373e+01,7.048608000000000118e+01,1.169708799999999940e+02,1.100000000000000000e+01,7.000000000000000000e+02
1.612106599999999901e+02,1.348562400000000139e+02,2.729649200000000064e+02,1.000000000000000000e+00,4.700000000000000000e+02
9.723694000000000415e+01,1.017956599999999980e+02,2.397078199999999697e+02,2.000000000000000000e+00,6.060000000000000000e+02
7.144386000000000081e+01,8.487488000000000454e+01,1.995895199999999932e+02,8.000000000000000000e+00,6.660000000000000000e+02
1.172438999999999965e+02,1.848641199999999856e+02,2.475604599999999778e+02,7.000000000000000000e+00,5.850000000000000000e+02
3.752138000000000062e+01,6.167225999999999431e+01,9.977776000000000067e+01,1.200000000000000000e+01,3.260000000000000000e+02
1.583199799999999868e+02,1.582308999999999912e+02,2.570967800000000238e+02,6.000000000000000000e+00,5.200000000000000000e+01
9.610643999999999210e+01,1.464448000000000150e+02,3.064505000000000337e+02,3.000000000000000000e+00,1.690000000000000000e+02
9.145115999999998735e+01,9.787239999999999895e+01,2.409528999999999712e+02,2.000000000000000000e+00,5.270000000000000000e+02
1.545248999999999739e+02,1.100573199999999900e+02,2.842515600000000404e+02,1.000000000000000000e+00,2.510000000000000000e+02
3.923906000000000205e+01,4.276315999999999207e+01,8.398272000000000048e+01,1.200000000000000000e+01,3.350000000000000000e+02
1.142111000000000018e+02,1.229399200000000008e+02,3.052679800000000228e+02,3.000000000000000000e+00,6.000000000000000000e+00
9.053553999999999746e+01,5.067632000000000403e+01,3.277661200000000008e+02,4.000000000000000000e+00,3.460000000000000000e+02
3.361511999999999745e+01,5.721996000000000038e+01,8.565178000000000225e+01,1.200000000000000000e+01,4.010000000000000000e+02
4.506257999999999697e+01,1.503646599999999864e+02,3.043033999999999537e+02,9.000000000000000000e+00,3.890000000000000000e+02
1.627559599999999875e+02,1.634199800000000096e+02,2.411790000000000020e+02,6.000000000000000000e+00,1.330000000000000000e+02
7.912344000000000221e+01,1.867399000000000058e+02,2.355513200000000325e+02,7.000000000000000000e+00,5.440000000000000000e+02
1.192628200000000049e+02,1.595983799999999917e+02,2.779663199999999961e+02,1.000000000000000000e+00,4.300000000000000000e+02
3.459669999999999845e+01,6.421002000000000010e+01,5.874893999999999750e+01,1.300000000000000000e+01,3.320000000000000000e+02
1.457539199999999937e+02,1.109970799999999969e+02,2.892162399999999707e+02,0.000000000000000000e+00,4.900000000000000000e+01
6.171441999999999695e+01,6.926581999999999084e+01,1.828948399999999879e+02,1.000000000000000000e+01,4.420000000000000000e+02
1.275207399999999893e+02,7.757814000000000476e+01,3.160174200000000155e+02,0.000000000000000000e+00,6.530000000000000000e+02
6.770759999999999934e+01,8.289029999999999632e+01,1.766762400000000071e+02,1.000000000000000000e+01,5.190000000000000000e+02
7.645987999999999829e+01,7.724766000000001043e+01,1.636457399999999893e+02,1.000000000000000000e+01,3.710000000000000000e+02
4.059226000000000312e+01,4.484158000000000044e+01,9.485693999999999448e+01,1.200000000000000000e+01,1.850000000000000000e+02
1.194300999999999959e+02,9.750690000000000168e+01,3.159348000000000525e+02,0.000000000000000000e+00,4.370000000000000000e+02
3.511180000000000234e+01,6.570636000000000365e+01,3.346858000000000288e+01,1.400000000000000000e+01,4.890000000000000000e+02
3.059694000000000003e+01,5.906785999999998893e+01,5.616901999999999617e+01,1.300000000000000000e+01,4.140000000000000000e+02
6.792520000000000380e+01,7.046873999999999683e+01,1.296487999999999943e+02,1.100000000000000000e+01,5.050000000000000000e+02
1.130574799999999982e+02,1.107458199999999948e+02,2.785609800000000291e+02,2.000000000000000000e+00,1.730000000000000000e+02
1.075759999999999934e+02,1.471625400000000070e+02,2.925179800000000228e+02,3.000000000000000000e+00,1.930000000000000000e+02
1.244702599999999961e+02,9.227701999999999316e+01,3.146866599999999607e+02,0.000000000000000000e+00,4.630000000000000000e+02
1.806113999999999749e+02,7.628069999999999595e+01,2.663087400000000002e+02,5.000000000000000000e+00,9.600000000000000000e+01
3.304086000000000212e+01,1.534607000000000028e+02,2.970892799999999738e+02,9.000000000000000000e+00,4.550000000000000000e+02
1.309707200000000000e+02,1.570612999999999886e+02,2.748379799999999591e+02,1.000000000000000000e+00,6.810000000000000000e+02
2.341953999999999780e+01,1.423464400000000012e+02,2.958241399999999999e+02,9.000000000000000000e+00,3.440000000000000000e+02
4.760816000000000514e+01,4.075001999999999924e+01,8.987424000000000035e+01,1.200000000000000000e+01,1.880000000000000000e+02
5.150422000000000367e+01,5.808968000000000131e+01,1.500001800000000003e+02,1.100000000000000000e+01,1.360000000000000000e+02
1.063975599999999986e+02,7.739862000000000819e+01,3.273210599999999886e+02,4.000000000000000000e+00,5.540000000000000000e+02
5.248443999999999932e+01,7.305783999999999878e+01,1.177178600000000017e+02,1.100000000000000000e+01,6.590000000000000000e+02
1.051813800000000043e+02,1.003326400000000120e+02,2.392161799999999801e+02,2.000000000000000000e+00,6.830000000000000000e+02
1.117403200000000112e+02,9.615846000000000515e+01,3.215346000000000117e+02,0.000000000000000000e+00,4.270000000000000000e+02
7.703141999999999712e+01,8.878997999999999990e+01,1.995262799999999856e+02,8.000000000000000000e+00,5.260000000000000000e+02
3.381470000000000198e+01,1.455832400000000177e+02,3.014732399999999757e+02,9.000000000000000000e+00,4.100000000000000000e+02
7.652924000000000149e+01,8.575581999999998573e+01,2.162247000000000128e+02,8.000000000000000000e+00,1.900000000000000000e+02
5.772418000000000404e+01,6.433343999999999596e+01,6.795919999999999561e+01,1.300000000000000000e+01,1.300000000000000000e+01
7.959332000000000562e+01,7.229590000000000316e+01,1.666302599999999927e+02,1.000000000000000000e+01,2.740000000000000000e+02
8.427171999999998775e+01,8.054055999999999926e+01,2.273457599999999843e+02,8.000000000000000000e+00,1.210000000000000000e+02
1.758276000000000039e+01,1.386598199999999963e+02,2.934091199999999731e+02,9.000000000000000000e+00,4.310000000000000000e+02
1.178331199999999797e+02,1.110378800000000012e+02,2.641313799999999787e+02,2.000000000000000000e+00,7.070000000000000000e+02
1.619957200000000057e+02,8.567421999999999116e+01,2.865006599999999821e+02,0.000000000000000000e+00,2.630000000000000000e+02
6.849707999999999686e+01,5.501947999999999439e+01,1.384221599999999910e+02,1.100000000000000000e+01,2.890000000000000000e+02
1.844544199999999989e+02,8.575275999999999499e+01,2.623501200000000040e+02,5.000000000000000000e+00,1.950000000000000000e+02
6.130845999999999663e+01,5.856567999999998619e+01,6.784223999999998966e+01,1.300000000000000000e+01,2.200000000000000000e+01
1.235417199999999980e+02,1.625370000000000061e+02,2.735928999999999860e+02,1.000000000000000000e+00,4.920000000000000000e+02
4.571911999999999665e+01,6.689295999999998799e+01,1.328502400000000137e+02,1.100000000000000000e+01,3.200000000000000000e+02
8.790529999999999688e+01,7.493872000000000355e+01,2.160849599999999953e+02,8.000000000000000000e+00,4.750000000000000000e+02
1.216686600000000027e+02,1.086503999999999905e+02,3.075378199999999538e+02,0.000000000000000000e+00,3.430000000000000000e+02
2.975033999999999779e+01,5.423170000000000357e+01,6.245663999999999305e+01,1.300000000000000000e+01,5.380000000000000000e+02
3.483265999999999707e+01,1.331161199999999667e+02,3.079886599999999817e+02,9.000000000000000000e+00,1.640000000000000000e+02
3.645820000000000505e+01,5.762489999999999668e+01,8.500000000000000000e+00,1.400000000000000000e+01,3.750000000000000000e+02
1.639935599999999738e+02,1.670447199999999839e+02,2.226150000000000091e+02,6.000000000000000000e+00,4.820000000000000000e+02
8.995719999999998606e+01,1.702971599999999910e+02,2.758998000000000275e+02,7.000000000000000000e+00,2.160000000000000000e+02
1.216115400000000051e+02,1.184859200000000072e+02,3.004059799999999996e+02,0.000000000000000000e+00,3.220000000000000000e+02
1.602229600000000005e+02,6.996247999999999934e+01,2.906381199999999581e+02,5.000000000000000000e+00,2.090000000000000000e+02
1.131227599999999995e+02,1.705905799999999886e+02,2.691082999999999288e+02,7.000000000000000000e+00,2.400000000000000000e+01
5.509393999999999636e+01,4.269345999999999464e+01,9.373426000000000613e+01,1.200000000000000000e+01,4.200000000000000000e+02
1.226447999999999752e+02,8.503467999999999449e+01,3.178078600000000051e+02,0.000000000000000000e+00,5.880000000000000000e+02
1.751445400000000063e+02,1.506760999999999910e+02,2.307178799999999796e+02,6.000000000000000000e+00,2.660000000000000000e+02
5.721553999999999718e+01,7.426211999999999591e+01,1.685753999999999735e+02,1.000000000000000000e+01,6.450000000000000000e+02
1.475433400000000006e+02,1.205956199999999825e+02,2.875179399999999532e+02,1.000000000000000000e+00,1.440000000000000000e+02
4.618831999999999738e+01,4.548485999999999763e+01,1.096591800000000063e+02,1.200000000000000000e+01,8.300000000000000000e+01
5.420994000000000312e+01,5.936910000000000309e+01,1.576783999999999821e+02,1.100000000000000000e+01,3.900000000000000000e+01
6.389280000000000115e+01,6.535548000000000002e+01,1.034800199999999961e+02,1.200000000000000000e+01,5.460000000000000000e+02
1.290952800000000025e+02,1.462567799999999920e+02,2.827276799999999639e+02,1.000000000000000000e+00,2.650000000000000000e+02
9.202133999999999503e+01,7.751319999999999766e+01,2.107425399999999911e+02,8.000000000000000000e+00,5.820000000000000000e+02
1.078401799999999895e+02,4.679352000000000089e+01,3.195863999999999692e+02,4.000000000000000000e+00,8.000000000000000000e+01
4.208043999999999585e+01,6.543061999999999045e+01,1.176950799999999902e+02,1.200000000000000000e+01,5.170000000000000000e+02
8.435332000000001074e+01,7.028990000000000293e+01,1.922390600000000234e+02,1.000000000000000000e+01,1.150000000000000000e+02
7.860527999999999338e+01,8.173770000000000380e+01,2.210122399999999629e+02,8.000000000000000000e+00,2.750000000000000000e+02
4.179653999999999314e+01,6.792655999999999494e+01,3.939240000000000208e+01,1.400000000000000000e+01,6.470000000000000000e+02
6.136591999999999558e+01,5.162729999999999819e+01,5.974683999999999173e+01,1.300000000000000000e+01,1.550000000000000000e+02
5.552539999999999765e+01,6.304993999999999943e+01,3.241288000000000125e+01,1.400000000000000000e+01,6.340000000000000000e+02
1.161480799999999931e+02,3.620523999999999631e+01,3.115555999999999699e+02,4.000000000000000000e+00,2.320000000000000000e+02
5.279451999999999856e+01,7.138640000000000896e+01,9.982025999999999044e+01,1.200000000000000000e+01,5.300000000000000000e+02
7.358347999999999445e+01,7.554595999999999378e+01,1.549444599999999923e+02,1.000000000000000000e+01,5.550000000000000000e+02
1.598288999999999760e+02,1.689793199999999729e+02,2.374658599999999922e+02,6.000000000000000000e+00,1.340000000000000000e+02
9.906817999999999813e+01,3.950562000000000040e+01,3.186269200000000410e+02,4.000000000000000000e+00,2.120000000000000000e+02
1.305484399999999994e+02,1.131628800000000012e+02,2.951332600000000070e+02,0.000000000000000000e+00,3.730000000000000000e+02
4.688803999999999661e+01,3.418461999999999534e+01,2.569142000000000081e+01,1.400000000000000000e+01,1.100000000000000000e+02
6.731217999999999790e+01,7.602875999999999124e+01,1.973465400000000045e+02,1.000000000000000000e+01,4.600000000000000000e+01
1.312784199999999828e+02,1.196623199999999940e+02,2.937348400000000197e+02,1.000000000000000000e+00,9.000000000000000000e+00
8.600232000000001165e+01,1.199924599999999941e+02,3.201650799999999890e+02,3.000000000000000000e+00,6.980000000000000000e+02
6.046356000000000108e+01,4.771798000000000428e+01,1.564136000000000060e+01,1.400000000000000000e+01,1.820000000000000000e+02
1.686631199999999922e+02,1.516515599999999893e+02,2.472959399999999732e+02,6.000000000000000000e+00,3.160000000000000000e+02
1.817058600000000013e+02,1.435258999999999787e+02,2.299709000000000287e+02,6.000000000000000000e+00,5.180000000000000000e+02
1.232214399999999870e+02,1.231003999999999792e+02,2.953885999999999399e+02,1.000000000000000000e+00,6.000000000000000000e+01
4.996470000000000056e+01,6.680353999999999814e+01,2.933009999999999806e+01,1.400000000000000000e+01,4.930000000000000000e+02
1.682146599999999808e+02,1.456400199999999927e+02,2.565486999999999966e+02,6.000000000000000000e+00,4.910000000000000000e+02
5.212063999999999453e+01,4.671056000000000097e+01,1.211083399999999983e+02,1.100000000000000000e+01,7.090000000000000000e+02
1.738569599999999866e+02,4.197776000000000352e+01,2.634914999999999736e+02,5.000000000000000000e+00,5.410000000000000000e+02
8.644431999999999050e+01,1.876827200000000175e+02,2.358467800000000238e+02,7.000000000000000000e+00,4.580000000000000000e+02
1.232115799999999979e+02,4.669118000000000279e+01,3.135099199999999655e+02,4.000000000000000000e+00,1.390000000000000000e+02
1.601485000000000127e+02,1.433514799999999809e+02,2.682076400000000262e+02,1.000000000000000000e+00,4.660000000000000000e+02
1.901018200000000036e+02,5.500077999999999889e+01,2.408019400000000019e+02,5.000000000000000000e+00,4.960000000000000000e+02
4.788491999999999393e+01,6.818121999999999616e+01,5.226990000000000691e+01,1.300000000000000000e+01,2.350000000000000000e+02
9.247489999999999100e+01,3.865357999999999805e+01,3.202007800000000088e+02,4.000000000000000000e+00,2.390000000000000000e+02
1.797393000000000143e+02,4.828203999999999496e+01,2.564966800000000262e+02,5.000000000000000000e+00,4.280000000000000000e+02
1.195824199999999990e+02,1.308275799999999833e+02,2.949166799999999853e+02,3.000000000000000000e+00,7.700000000000000000e+01
6.178956000000000159e+01,5.080518000000000001e+01,1.386560800000000029e+02,1.100000000000000000e+01,5.200000000000000000e+02
9.124443999999999733e+01,9.147292000000000201e+01,2.448829599999999971e+02,2.000000000000000000e+00,5.150000000000000000e+02
9.779453999999999780e+01,8.269718000000000302e+01,2.252680199999999502e+02,8.000000000000000000e+00,5.070000000000000000e+02
5.211621999999999844e+01,7.373716000000000292e+01,1.389461000000000013e+02,1.100000000000000000e+01,4.470000000000000000e+02
4.301407999999999987e+01,6.426408000000000698e+01,1.244372799999999870e+02,1.100000000000000000e+01,3.280000000000000000e+02
7.384290000000000020e+01,6.720644000000000062e+01,1.957495600000000024e+02,1.000000000000000000e+01,8.400000000000000000e+01
9.169562000000000523e+01,3.191920000000000002e+01,3.161075200000000223e+02,4.000000000000000000e+00,3.120000000000000000e+02
3.043611999999999895e+01,6.037787999999999045e+01,4.851663999999999533e+01,1.300000000000000000e+01,3.020000000000000000e+02
4.648955999999999733e+01,1.396111400000000060e+02,3.098542400000000043e+02,9.000000000000000000e+00,1.260000000000000000e+02
3.742278000000000304e+01,6.479107999999999379e+01,8.398305999999999472e+01,1.200000000000000000e+01,3.700000000000000000e+02
1.005250799999999884e+02,1.039284799999999933e+02,2.455853999999999644e+02,2.000000000000000000e+00,5.910000000000000000e+02
6.373198000000000718e+01,1.451048600000000022e+02,3.111173400000000129e+02,9.000000000000000000e+00,6.560000000000000000e+02
6.420390000000000441e+01,5.303931999999999647e+01,9.426431999999999789e+01,1.200000000000000000e+01,2.260000000000000000e+02
1.638487200000000144e+02,1.678750000000000000e+02,2.147694999999999936e+02,6.000000000000000000e+00,5.400000000000000000e+02
8.004483999999999355e+01,6.771439999999999770e+01,1.715299999999999727e+02,1.000000000000000000e+01,2.110000000000000000e+02
5.797169999999999845e+01,5.478658000000000072e+01,1.530047600000000045e+02,1.100000000000000000e+01,1.110000000000000000e+02
1.122224400000000202e+02,9.551551999999999509e+01,2.557394999999999925e+02,2.000000000000000000e+00,3.360000000000000000e+02
9.605476000000000170e+01,9.966284000000000276e+01,2.324467800000000182e+02,8.000000000000000000e+00,1.530000000000000000e+02
2.811664000000000030e+01,5.579399999999999693e+01,4.189445999999999515e+01,1.300000000000000000e+01,7.240000000000000000e+02
7.140714000000001249e+01,1.470364000000000004e+01,3.024690999999999690e+02,4.000000000000000000e+00,6.600000000000000000e+02
5.133660000000000423e+01,4.349381999999999948e+01,1.050586399999999969e+02,1.200000000000000000e+01,1.250000000000000000e+02
8.542499999999998295e+01,8.692712000000000216e+01,1.960780000000000030e+02,8.000000000000000000e+00,5.220000000000000000e+02
1.121404999999999745e+02,9.823824000000000467e+01,2.495018599999999651e+02,2.000000000000000000e+00,3.570000000000000000e+02
6.256442000000000547e+01,6.263309999999999178e+01,8.988546000000000902e+01,1.200000000000000000e+01,6.890000000000000000e+02
7.450964000000000453e+01,8.447163999999999362e+01,1.798538799999999753e+02,1.000000000000000000e+01,4.180000000000000000e+02
4.682819999999999538e+01,4.719641999999999626e+01,1.172020800000000094e+02,1.200000000000000000e+01,1.000000000000000000e+01
1.892922800000000052e+02,7.141903999999999542e+01,2.530463599999999929e+02,5.000000000000000000e+00,2.210000000000000000e+02
4.567083999999999833e+01,3.956137999999999977e+01,8.500000000000000000e+00,1.400000000000000000e+01,9.300000000000000000e+01
9.187377999999999645e+01,1.851391799999999819e+02,2.470361800000000017e+02,7.000000000000000000e+00,3.790000000000000000e+02
1.672585799999999949e+02,7.171891999999999712e+01,2.826998000000000388e+02,5.000000000000000000e+00,1.050000000000000000e+02
4.038961999999999364e+01,6.685793999999999926e+01,9.462063999999999453e+01,1.200000000000000000e+01,4.730000000000000000e+02
9.960877999999999588e+01,8.544778000000000873e+01,2.411055600000000254e+02,2.000000000000000000e+00,4.250000000000000000e+02
5.502152000000000243e+01,6.413692000000000348e+01,1.648962599999999838e+02,1.000000000000000000e+01,6.410000000000000000e+02
4.005404000000000053e+01,6.748116000000000270e+01,6.128092000000000183e+01,1.300000000000000000e+01,4.490000000000000000e+02
8.529375999999999181e+01,1.754828400000000101e+02,2.685823199999999815e+02,7.000000000000000000e+00,2.610000000000000000e+02
1.655051999999999737e+02,1.633223999999999876e+02,2.317456999999999994e+02,6.000000000000000000e+00,2.700000000000000000e+02
1.877439200000000028e+02,6.496923999999999921e+01,2.528702399999999670e+02,5.000000000000000000e+00,2.780000000000000000e+02
4.657796000000000447e+01,3.680058000000000362e+01,5.848646000000000811e+01,1.300000000000000000e+01,3.330000000000000000e+02
4.537367999999999313e+01,3.752172000000000196e+01,6.591137999999999408e+01,1.300000000000000000e+01,3.370000000000000000e+02
1.106649000000000171e+02,1.869534199999999942e+02,2.437660599999999818e+02,7.000000000000000000e+00,4.610000000000000000e+02
8.550082000000000448e+01,8.342307999999999879e+01,1.902435999999999865e+02,1.000000000000000000e+01,4.190000000000000000e+02
5.548255999999999943e+01,6.971155999999999153e+01,9.304337999999998488e+01,1.200000000000000000e+01,6.330000000000000000e+02
8.931188000000001637e+01,9.710161999999999694e+01,2.336677200000000028e+02,8.000000000000000000e+00,8.100000000000000000e+01
6.135163999999999618e+01,4.749765999999999622e+01,8.661126000000000147e+01,1.200000000000000000e+01,4.090000000000000000e+02
1.554055000000000177e+02,1.655609599999999944e+02,2.531211600000000033e+02,6.000000000000000000e+00,9.500000000000000000e+01
1.239143599999999878e+02,1.531353200000000072e+02,2.808855599999999981e+02,1.000000000000000000e+00,3.300000000000000000e+02
9.415993999999999176e+01,1.915757200000000182e+02,2.160326000000000022e+02,7.000000000000000000e+00,6.920000000000000000e+02
5.136753999999999110e+01,7.320505999999998892e+01,1.311685999999999979e+02,1.100000000000000000e+01,6.220000000000000000e+02
6.141963999999999402e+01,4.981169999999999476e+01,6.691370000000000573e+01,1.300000000000000000e+01,1.180000000000000000e+02
1.000769599999999997e+02,6.661824000000000012e+01,3.293219599999999900e+02,4.000000000000000000e+00,4.720000000000000000e+02
8.162652000000001351e+01,6.834170000000000300e+01,1.786478999999999928e+02,1.000000000000000000e+01,1.750000000000000000e+02
1.802428400000000011e+02,1.471064399999999921e+02,2.230189200000000085e+02,6.000000000000000000e+00,6.180000000000000000e+02
8.596627999999999759e+01,1.384884599999999750e+02,3.127670200000000023e+02,3.000000000000000000e+00,2.370000000000000000e+02
4.646712000000000842e+01,5.174018000000000228e+01,1.274000399999999900e+02,1.100000000000000000e+01,3.580000000000000000e+02
1.064512799999999828e+02,1.326159800000000075e+02,3.068965799999999717e+02,3.000000000000000000e+00,4.800000000000000000e+01
1.867133800000000008e+02,5.494706000000000046e+01,2.478742799999999988e+02,5.000000000000000000e+00,4.480000000000000000e+02
7.133097999999999672e+01,6.078961999999999932e+01,1.349113199999999892e+02,1.100000000000000000e+01,3.410000000000000000e+02
1.799266399999999919e+02,6.097185999999999950e+01,2.637869600000000219e+02,5.000000000000000000e+00,2.270000000000000000e+02
4.414390000000000214e+01,6.050911999999998869e+01,1.314195200000000057e+02,1.100000000000000000e+01,2.570000000000000000e+02
3.555243999999999716e+01,4.814433999999999969e+01,8.762242000000000530e+01,1.200000000000000000e+01,2.990000000000000000e+02
5.552982000000000085e+01,3.893645999999999674e+01,2.304860000000000042e+01,1.400000000000000000e+01,5.400000000000000000e+01
5.074602000000000146e+01,6.673009999999999309e+01,1.590825999999999851e+01,1.400000000000000000e+01,3.680000000000000000e+02
1.747141000000000020e+02,5.857621999999999929e+01,2.711693799999999328e+02,5.000000000000000000e+00,2.730000000000000000e+02
5.406952000000000425e+01,5.069468000000000529e+01,1.372396400000000085e+02,1.100000000000000000e+01,2.880000000000000000e+02
6.701059999999999661e+01,6.876839999999999975e+01,1.225839399999999841e+02,1.100000000000000000e+01,6.150000000000000000e+02
1.247119999999999891e+02,1.196803399999999868e+02,2.816628000000000043e+02,1.000000000000000000e+00,7.900000000000000000e+01
8.234459999999998558e+01,9.150964000000000453e+01,2.078834799999999916e+02,8.000000000000000000e+00,3.310000000000000000e+02
3.369400000000000261e+01,4.550491999999999848e+01,7.263963999999999999e+01,1.300000000000000000e+01,6.200000000000000000e+02
1.651825399999999888e+02,1.651818600000000004e+02,2.023306000000000040e+02,6.000000000000000000e+00,6.610000000000000000e+02
9.487461999999999307e+01,8.022639999999999816e+01,2.160880200000000002e+02,8.000000000000000000e+00,6.670000000000000000e+02
6.059819999999999851e+01,5.396004000000000644e+01,4.496057999999999311e+01,1.300000000000000000e+01,1.510000000000000000e+02
4.621381999999999124e+01,3.605393999999999721e+01,5.054507999999999868e+01,1.300000000000000000e+01,4.230000000000000000e+02
1.090084199999999868e+02,9.442717999999999279e+01,2.441308800000000190e+02,2.000000000000000000e+00,3.980000000000000000e+02
3.557351999999999492e+01,3.919010000000000105e+01,5.455163999999999191e+01,1.300000000000000000e+01,6.400000000000000000e+02
1.243913799999999839e+02,1.063584599999999938e+02,2.759388999999999896e+02,2.000000000000000000e+00,4.000000000000000000e+00
1.171816800000000001e+02,1.050324600000000004e+02,3.134816999999999894e+02,0.000000000000000000e+00,3.690000000000000000e+02
3.862706000000000017e+01,3.640176000000000300e+01,4.513568000000000779e+01,1.300000000000000000e+01,5.420000000000000000e+02
8.816710000000000491e+01,7.706813999999999965e+01,1.934076399999999865e+02,8.000000000000000000e+00,7.200000000000000000e+02
1.506278200000000140e+02,8.370901999999999532e+01,2.966245000000000118e+02,0.000000000000000000e+00,1.960000000000000000e+02
4.107845999999999265e+01,1.563347200000000043e+02,3.003883000000000152e+02,9.000000000000000000e+00,4.390000000000000000e+02
1.120415600000000040e+02,1.897448200000000043e+02,2.370823399999999594e+02,7.000000000000000000e+00,4.970000000000000000e+02
4.250952000000000197e+01,1.343496399999999937e+02,3.107885600000000181e+02,9.000000000000000000e+00,9.200000000000000000e+01
1.092460799999999921e+02,6.361162000000000916e+01,3.243902600000000120e+02,4.000000000000000000e+00,6.640000000000000000e+02
1.291765399999999886e+02,7.071048000000000400e+01,3.153809400000000096e+02,0.000000000000000000e+00,6.430000000000000000e+02
1.728032999999999788e+02,1.008168000000000006e+02,2.731634799999999359e+02,5.000000000000000000e+00,7.500000000000000000e+01
1.664901800000000094e+02,1.419557800000000043e+02,2.624143799999999942e+02,1.000000000000000000e+00,6.710000000000000000e+02
9.997598000000000695e+01,1.004727199999999954e+02,2.594002800000000093e+02,2.000000000000000000e+00,5.790000000000000000e+02
1.136211999999999875e+02,1.800510799999999847e+02,2.563344999999999914e+02,7.000000000000000000e+00,3.030000000000000000e+02
1.410646399999999687e+02,1.188745400000000103e+02,2.906139799999999696e+02,1.000000000000000000e+00,1.010000000000000000e+02
1.319689599999999814e+02,6.047171999999999059e+01,3.131746799999999666e+02,0.000000000000000000e+00,6.850000000000000000e+02
1.193185799999999972e+02,1.031821800000000025e+02,2.638403400000000261e+02,2.000000000000000000e+00,3.950000000000000000e+02
5.815733999999999781e+01,4.301374000000000564e+01,4.775265999999999167e+01,1.300000000000000000e+01,5.720000000000000000e+02
5.571171999999999969e+01,6.344569999999999510e+01,4.149971999999999639e+01,1.300000000000000000e+01,1.410000000000000000e+02
3.846318000000000126e+01,3.537631999999999977e+01,3.609677999999999543e+01,1.400000000000000000e+01,4.400000000000000000e+01
6.436607999999999663e+01,5.069706000000000046e+01,1.207717399999999799e+02,1.100000000000000000e+01,5.680000000000000000e+02
1.558427399999999921e+02,8.475009999999998911e+01,2.921841000000000008e+02,0.000000000000000000e+00,1.570000000000000000e+02
7.975889999999998281e+01,8.912453999999999610e+01,2.210217600000000004e+02,8.000000000000000000e+00,9.900000000000000000e+01
1.160195599999999843e+02,1.143487999999999829e+02,2.710993399999999838e+02,2.000000000000000000e+00,2.200000000000000000e+02
4.809606000000000137e+01,6.065838000000000108e+01,1.448502000000000010e+02,1.100000000000000000e+01,1.590000000000000000e+02
1.097220799999999912e+02,7.112663999999999476e+01,3.252888800000000060e+02,4.000000000000000000e+00,6.120000000000000000e+02
1.732884799999999927e+02,8.197603999999999758e+01,2.755322600000000079e+02,5.000000000000000000e+00,7.300000000000000000e+01
9.700914000000000215e+01,9.615948000000000206e+01,2.551240999999999701e+02,2.000000000000000000e+00,5.360000000000000000e+02
2.628608000000000189e+01,4.745243999999999573e+01,2.315399999999999636e+01,1.400000000000000000e+01,2.250000000000000000e+02
7.242170000000000130e+01,7.149519999999999698e+01,1.445676599999999894e+02,1.100000000000000000e+01,6.090000000000000000e+02
7.274877999999999645e+01,6.180860000000000554e+01,1.416759600000000034e+02,1.100000000000000000e+01,4.240000000000000000e+02
4.168026000000000408e+01,5.025370000000000203e+01,1.133352599999999910e+02,1.200000000000000000e+01,1.600000000000000000e+01
6.371226000000000056e+01,7.908229999999998938e+01,1.553643600000000049e+02,1.000000000000000000e+01,7.150000000000000000e+02
9.783976000000001250e+01,5.252353999999999701e+01,3.256917799999999943e+02,4.000000000000000000e+00,3.250000000000000000e+02
1.491008799999999894e+02,1.542855399999999975e+02,2.712098399999999856e+02,1.000000000000000000e+00,5.500000000000000000e+02
1.296773599999999931e+02,8.505507999999998958e+01,3.134929199999999696e+02,0.000000000000000000e+00,6.000000000000000000e+02
4.244831999999999539e+01,5.431057999999999453e+01,1.212987399999999951e+02,1.100000000000000000e+01,4.350000000000000000e+02
1.199754599999999840e+02,1.023743399999999895e+02,2.721247800000000439e+02,2.000000000000000000e+00,5.300000000000000000e+01
3.891299999999999670e+01,1.270362400000000207e+02,3.125711799999999698e+02,9.000000000000000000e+00,1.740000000000000000e+02
1.685771000000000015e+02,1.608941200000000151e+02,2.060852199999999925e+02,6.000000000000000000e+00,6.420000000000000000e+02
1.726962000000000046e+02,1.497183200000000056e+02,2.424577400000000296e+02,6.000000000000000000e+00,2.020000000000000000e+02
4.123962000000000216e+01,3.911529999999999774e+01,7.080840000000000600e+01,1.300000000000000000e+01,4.410000000000000000e+02
1.266510199999999884e+02,1.688586199999999735e+02,2.663080600000000118e+02,7.000000000000000000e+00,1.270000000000000000e+02
5.358705999999999392e+01,4.818820000000000192e+01,1.278519000000000148e+02,1.100000000000000000e+01,6.690000000000000000e+02
9.443636000000000763e+01,8.870939999999998804e+01,2.121011799999999994e+02,8.000000000000000000e+00,5.470000000000000000e+02
1.065243799999999936e+02,1.908783799999999928e+02,2.327041600000000017e+02,7.000000000000000000e+00,5.920000000000000000e+02
7.032254000000000360e+01,6.179500000000000171e+01,1.802571199999999862e+02,1.000000000000000000e+01,2.710000000000000000e+02
6.095417999999999381e+01,6.690520000000000778e+01,9.636688000000000898e+01,1.200000000000000000e+01,6.100000000000000000e+02
9.044373999999999114e+01,7.638848000000000127e+01,2.043444200000000137e+02,8.000000000000000000e+00,6.700000000000000000e+02
7.112188000000000443e+01,5.878905999999999921e+01,1.660709599999999853e+02,1.000000000000000000e+01,4.160000000000000000e+02
3.829794000000000409e+01,6.767189999999999372e+01,2.353547999999999973e+01,1.400000000000000000e+01,6.350000000000000000e+02
1.856831800000000214e+02,4.154901999999999873e+01,2.323420600000000320e+02,5.000000000000000000e+00,6.300000000000000000e+02
3.077509999999999479e+01,4.065617999999999910e+01,3.856653999999999627e+01,1.400000000000000000e+01,3.940000000000000000e+02
9.167080000000001405e+01,1.825684400000000096e+02,2.540279400000000010e+02,7.000000000000000000e+00,3.130000000000000000e+02
5.755282000000000409e+01,4.480656000000000461e+01,1.030325799999999958e+02,1.200000000000000000e+01,1.480000000000000000e+02
2.714798000000000044e+01,4.931734000000000151e+01,3.734458000000000055e+01,1.400000000000000000e+01,3.480000000000000000e+02
5.938406000000000518e+01,4.489597999999999445e+01,8.500000000000000000e+00,1.400000000000000000e+01,1.600000000000000000e+02
1.537819999999999823e+02,9.097754000000000474e+01,2.920566000000000031e+02,0.000000000000000000e+00,1.190000000000000000e+02
1.909776599999999860e+02,6.256917999999999580e+01,2.456782199999999534e+02,5.000000000000000000e+00,3.740000000000000000e+02
8.331495999999999924e+01,6.959799999999999898e+01,1.853996200000000272e+02,1.000000000000000000e+01,1.700000000000000000e+02
8.926767999999999859e+01,1.297150999999999783e+02,3.153673400000000129e+02,3.000000000000000000e+00,3.780000000000000000e+02
6.106535999999999831e+01,5.134713999999999601e+01,5.269659999999999656e+01,1.300000000000000000e+01,2.240000000000000000e+02
7.675023999999999091e+01,6.435213999999999146e+01,1.858463799999999821e+02,1.000000000000000000e+01,1.300000000000000000e+02
1.773117000000000019e+02,1.509283800000000042e+02,2.158296200000000056e+02,6.000000000000000000e+00,5.490000000000000000e+02
1.575254000000000190e+02,9.478587999999997749e+01,2.878392399999999611e+02,0.000000000000000000e+00,1.580000000000000000e+02
3.600294000000000239e+01,5.077662000000000120e+01,9.401748000000000616e+01,1.200000000000000000e+01,1.990000000000000000e+02
6.851815999999999462e+01,6.436778000000001043e+01,1.862247999999999877e+02,1.000000000000000000e+01,3.050000000000000000e+02
5.861668000000000234e+01,5.879687999999999448e+01,2.245326000000000022e+01,1.400000000000000000e+01,3.640000000000000000e+02
3.712969999999999970e+01,5.094219999999999260e+01,8.500000000000000000e+00,1.400000000000000000e+01,3.380000000000000000e+02
9.690578000000000713e+01,1.866600000000000250e+02,2.427256599999999764e+02,7.000000000000000000e+00,3.770000000000000000e+02
1.080125600000000077e+02,9.059673999999999694e+01,3.253504199999999855e+02,0.000000000000000000e+00,4.530000000000000000e+02
7.076420000000000243e+01,7.981567999999998619e+01,1.613228599999999915e+02,1.000000000000000000e+01,4.740000000000000000e+02
5.347281999999999869e+01,4.111687999999999477e+01,8.500000000000000000e+00,1.400000000000000000e+01,1.060000000000000000e+02
9.587421999999999400e+01,1.296787200000000269e+02,3.133742599999999925e+02,3.000000000000000000e+00,4.260000000000000000e+02
1.283823000000000150e+02,1.110487600000000015e+02,2.789866600000000290e+02,0.000000000000000000e+00,5.940000000000000000e+02
8.856116000000000099e+01,1.891508399999999881e+02,2.294819799999999645e+02,7.000000000000000000e+00,4.120000000000000000e+02
6.347527999999999793e+01,5.530677999999999628e+01,8.507514000000000465e+01,1.200000000000000000e+01,5.250000000000000000e+02
6.764639999999999986e+01,1.358221800000000030e+02,3.153693799999999783e+02,9.000000000000000000e+00,8.800000000000000000e+01
3.502373999999999654e+01,4.159832000000000107e+01,6.479107999999999379e+01,1.300000000000000000e+01,5.760000000000000000e+02
3.477553999999999945e+01,6.524939999999999429e+01,4.468959999999999866e+01,1.300000000000000000e+01,2.970000000000000000e+02
5.358841999999999928e+01,7.304627999999999588e+01,1.559692200000000071e+02,1.100000000000000000e+01,9.700000000000000000e+01
1.143066399999999874e+02,4.840104000000000184e+01,3.176759399999999687e+02,4.000000000000000000e+00,6.900000000000000000e+01
1.578470399999999927e+02,1.678243400000000065e+02,2.449968599999999981e+02,6.000000000000000000e+00,1.240000000000000000e+02
6.604568000000000438e+01,6.395501999999999043e+01,1.101637399999999900e+02,1.200000000000000000e+01,5.640000000000000000e+02
1.932049999999999912e+01,1.458314400000000148e+02,2.910498600000000238e+02,9.000000000000000000e+00,4.290000000000000000e+02
9.628426000000000329e+01,2.669271999999999778e+01,3.106685399999999504e+02,4.000000000000000000e+00,3.590000000000000000e+02
7.460518000000000427e+01,6.132818000000000325e+01,1.558342400000000225e+02,1.000000000000000000e+01,4.860000000000000000e+02
7.168389999999999418e+01,8.181250000000000000e+01,2.070032199999999989e+02,8.000000000000000000e+00,7.210000000000000000e+02
9.125260000000000105e+01,9.747222000000000719e+01,2.272995200000000011e+02,8.000000000000000000e+00,1.280000000000000000e+02
3.198992000000000147e+01,6.473667999999999267e+01,1.498889999999999922e+01,1.400000000000000000e+01,6.460000000000000000e+02
6.179397999999999058e+01,7.312787999999999045e+01,1.238069200000000052e+02,1.100000000000000000e+01,5.990000000000000000e+02
9.885772000000000048e+01,8.765029999999998722e+01,2.209833399999999699e+02,8.000000000000000000e+00,4.380000000000000000e+02
1.472516200000000026e+02,1.271511599999999902e+02,2.856322999999999865e+02,1.000000000000000000e+00,1.090000000000000000e+02
7.250466000000000122e+01,1.414831800000000044e+02,3.132226200000000063e+02,3.000000000000000000e+00,4.030000000000000000e+02
1.766347600000000284e+02,1.342184000000000026e+02,2.567176799999999730e+02,6.000000000000000000e+00,5.730000000000000000e+02
9.580961999999999534e+01,9.483892000000000166e+01,2.216935999999999751e+02,8.000000000000000000e+00,3.990000000000000000e+02
1.732531199999999956e+02,4.696895999999999560e+01,2.684174199999999928e+02,5.000000000000000000e+00,5.030000000000000000e+02
5.953569999999999851e+01,6.533440000000000225e+01,8.433462000000000103e+01,1.200000000000000000e+01,6.760000000000000000e+02
1.010476599999999934e+02,1.640017199999999775e+02,2.805101999999999975e+02,7.000000000000000000e+00,2.440000000000000000e+02
1.096326600000000013e+02,3.463512000000000057e+01,3.128275399999999991e+02,4.000000000000000000e+00,2.080000000000000000e+02
4.066161999999999921e+01,1.449889199999999789e+02,3.050823400000000447e+02,9.000000000000000000e+00,3.140000000000000000e+02
4.685505999999999460e+01,4.238746000000000436e+01,9.696153999999999940e+01,1.200000000000000000e+01,1.490000000000000000e+02
1.414219800000000191e+02,1.259424599999999970e+02,2.885403200000000083e+02,1.000000000000000000e+00,1.020000000000000000e+02
4.022879999999999256e+01,6.775247999999999138e+01,5.297981999999998948e+01,1.300000000000000000e+01,2.430000000000000000e+02
9.964278000000000191e+01,9.050663999999999021e+01,2.527270999999999503e+02,2.000000000000000000e+00,5.210000000000000000e+02
6.782625999999999067e+01,6.920971999999999014e+01,1.936381599999999992e+02,1.000000000000000000e+01,5.500000000000000000e+01
1.147921599999999955e+02,7.522227999999999781e+01,3.229789199999999596e+02,0.000000000000000000e+00,7.190000000000000000e+02
4.746603999999999957e+01,3.864882000000000062e+01,7.359843999999999653e+01,1.300000000000000000e+01,5.120000000000000000e+02
7.088081999999999994e+01,5.728558000000000305e+01,1.504670000000000130e+02,1.100000000000000000e+01,1.610000000000000000e+02
1.134161799999999971e+02,8.403065999999999747e+01,3.233240200000000186e+02,0.000000000000000000e+00,5.830000000000000000e+02
5.864354000000000156e+01,7.015559999999999263e+01,1.028316399999999931e+02,1.200000000000000000e+01,5.350000000000000000e+02
5.250688000000000244e+01,6.587261999999999773e+01,1.588762199999999893e+02,1.100000000000000000e+01,2.500000000000000000e+01
1.409670600000000036e+02,1.326829600000000084e+02,2.867634800000000155e+02,1.000000000000000000e+00,1.160000000000000000e+02
9.275947999999999638e+01,1.889543199999999956e+02,2.345173799999999460e+02,7.000000000000000000e+00,3.920000000000000000e+02
1.053870799999999974e+02,9.094150000000000489e+01,2.370650000000000261e+02,2.000000000000000000e+00,4.450000000000000000e+02
5.028226000000000084e+01,6.444971999999999923e+01,1.519293399999999963e+02,1.100000000000000000e+01,5.600000000000000000e+01
6.100245999999999924e+01,4.707164000000000215e+01,9.685205999999999449e+01,1.200000000000000000e+01,1.720000000000000000e+02
1.713562600000000202e+02,1.460153799999999933e+02,2.507061399999999765e+02,6.000000000000000000e+00,4.110000000000000000e+02
1.688793599999999913e+02,1.613432599999999866e+02,2.149303199999999947e+02,6.000000000000000000e+00,5.560000000000000000e+02
1.037091800000000035e+02,1.532060400000000016e+02,2.895511399999999753e+02,3.000000000000000000e+00,2.340000000000000000e+02
3.665471999999999753e+01,1.397678800000000194e+02,3.055753399999999829e+02,9.000000000000000000e+00,2.560000000000000000e+02
6.813497999999999877e+01,6.399038000000000892e+01,1.181030800000000056e+02,1.100000000000000000e+01,6.940000000000000000e+02
2.661111999999999966e+01,4.861115999999999815e+01,2.964765999999999480e+01,1.400000000000000000e+01,3.180000000000000000e+02
8.245306000000000779e+01,1.825442999999999927e+02,2.531150399999999934e+02,7.000000000000000000e+00,6.540000000000000000e+02
4.634268000000000143e+01,4.673707999999999885e+01,8.500000000000000000e+00,1.400000000000000000e+01,1.370000000000000000e+02
3.774985999999999819e+01,4.256663999999999959e+01,8.500000000000000000e+00,1.400000000000000000e+01,4.850000000000000000e+02
9.640088000000000079e+01,8.786552000000000362e+01,2.468937199999999734e+02,2.000000000000000000e+00,5.060000000000000000e+02
1.655109799999999893e+02,1.370703199999999811e+02,2.674324399999999855e+02,1.000000000000000000e+00,5.700000000000000000e+02
1.182026999999999788e+02,1.034633600000000087e+02,2.784661200000000463e+02,2.000000000000000000e+00,1.070000000000000000e+02
4.051541999999999888e+01,6.815980000000000416e+01,1.702209999999999823e+01,1.400000000000000000e+01,5.320000000000000000e+02
5.410929999999999751e+01,7.401731999999999800e+01,1.249489800000000059e+02,1.100000000000000000e+01,6.030000000000000000e+02
9.923069999999998458e+01,1.890678799999999740e+02,2.359399400000000355e+02,7.000000000000000000e+00,3.840000000000000000e+02
9.932793999999999812e+01,4.610909999999999798e+01,3.216349000000000160e+02,4.000000000000000000e+00,2.590000000000000000e+02
1.116576999999999913e+02,1.046526800000000037e+02,2.765474999999999568e+02,2.000000000000000000e+00,1.660000000000000000e+02
4.594963999999999515e+01,6.166069999999999851e+01,1.382358399999999961e+02,1.100000000000000000e+01,1.800000000000000000e+02
3.103927999999999443e+01,5.232770000000000010e+01,6.954428000000000054e+01,1.300000000000000000e+01,5.750000000000000000e+02
7.906631999999999039e+01,6.645333999999999719e+01,1.917960400000000050e+02,1.000000000000000000e+01,1.080000000000000000e+02
2.933894000000000446e+01,4.172785999999999973e+01,3.226531999999999556e+01,1.400000000000000000e+01,3.510000000000000000e+02
1.304216200000000185e+02,1.623153200000000140e+02,2.707419999999999618e+02,1.000000000000000000e+00,5.900000000000000000e+02
1.813322000000000003e+02,3.556128000000000355e+01,2.319687399999999968e+02,5.000000000000000000e+00,6.370000000000000000e+02
1.265748600000000152e+02,1.033236200000000053e+02,3.074735599999999636e+02,0.000000000000000000e+00,1.520000000000000000e+02
8.354377999999999815e+01,8.991504000000000474e+01,2.015979000000000099e+02,8.000000000000000000e+00,4.400000000000000000e+02
9.305154000000000281e+01,8.529443999999999448e+01,2.411524799999999971e+02,8.000000000000000000e+00,1.800000000000000000e+01
3.026883999999999730e+01,6.164404000000000394e+01,3.100527999999999551e+01,1.400000000000000000e+01,4.220000000000000000e+02
3.531103999999999843e+01,5.751440000000000197e+01,9.473147999999999058e+01,1.200000000000000000e+01,2.900000000000000000e+02
3.100527999999999551e+01,4.766833999999999349e+01,6.493422000000001049e+01,1.300000000000000000e+01,5.530000000000000000e+02
